ID	LENGTH	ALIGNED	UNALIGNED	VARIANT	HET	MASKED	LOWCOV
GCA_000006645.1_ASM664v1_genomic	4829855	4297472	101287	231	553	420126	10417
GCA_000007885.1_ASM788v1_genomic	4829855	4337827	51412	433	722	420126	19768
GCA_000013825.1_ASM1382v1_genomic	4829855	4359033	33132	193	359	420126	17205
GCA_000022805.1_ASM2280v1_genomic	4829855	4394853	8818	152	390	420126	5668
GCA_000022825.1_ASM2282v1_genomic	4829855	4393259	9131	179	281	420126	7058
GCA_000022845.1_ASM2284v1_genomic	4829855	4255823	148301	74	303	420126	5302
GCA_000168235.2_ASM16823v2_genomic	4829855	4376099	23274	57	303	420126	10053
GCA_000169615.1_ASM16961v1_genomic	4829855	4253877	134255	191	476	420126	21121
GCA_000169635.1_ASM16963v1_genomic	4829855	4389817	14876	70	296	420126	4740
GCA_000169655.1_ASM16965v1_genomic	4829855	4247408	146052	169	599	420126	15670
GCA_000169675.1_ASM16967v1_genomic	4829855	4370865	26406	127	413	420126	12045
GCA_000170275.1_ASM17027v1_genomic	4829855	4368909	30298	52	337	420126	10185
GCA_000181455.2_ASM18145v2_genomic	4829855	4405545	1575	28	127	420126	2482
GCA_000182485.1_ASM18248v1_genomic	4829855	4213693	184166	176	420	420126	11450
GCA_000182505.1_ASM18250v1_genomic	4829855	4300893	104703	43	299	420126	3834
GCA_000182525.1_ASM18252v1_genomic	4829855	4337005	68391	62	219	420126	4114
GCA_000182705.1_ASM18270v1_genomic	4829855	4265544	131787	208	545	420126	11853
GCA_000255735.1_ASM25573v1_genomic	4829855	4366333	13372	22	113	420126	29911
GCA_000255755.1_ASM25575v1_genomic	4829855	4368521	5199	32	52	420126	35957
GCA_000255775.1_ASM25577v1_genomic	4829855	4372098	4963	24	41	420126	32627
GCA_000255795.1_ASM25579v1_genomic	4829855	4356504	10713	25	38	420126	42474
GCA_000255815.1_ASM25581v1_genomic	4829855	4315767	63624	27	54	420126	30284
GCA_000255835.1_ASM25583v1_genomic	4829855	4366829	6306	31	61	420126	36533
GCA_000255855.1_ASM25585v1_genomic	4829855	4373061	817	35	16	420126	35835
GCA_000255875.1_ASM25587v1_genomic	4829855	4369822	5665	33	19	420126	34223
GCA_000255895.1_ASM25589v1_genomic	4829855	4377876	616	32	22	420126	31215
GCA_000268325.1_ASM26832v1_genomic	4829855	4325425	13107	63	150	420126	71047
GCA_000268345.1_ASM26834v1_genomic	4829855	4349959	8903	56	152	420126	50715
GCA_000268365.1_ASM26836v1_genomic	4829855	4339599	14742	43	90	420126	55298
GCA_000268385.1_ASM26838v1_genomic	4829855	4349893	12401	47	112	420126	47323
GCA_000268405.1_ASM26840v1_genomic	4829855	4338132	13537	44	117	420126	57943
GCA_000268425.1_ASM26842v1_genomic	4829855	4330396	18065	41	91	420126	61177
GCA_000268445.1_ASM26844v1_genomic	4829855	4336652	14316	42	81	420126	58680
GCA_000268465.1_ASM26846v1_genomic	4829855	4330210	14221	44	107	420126	65191
GCA_000268485.1_ASM26848v1_genomic	4829855	4239503	80007	40	127	420126	90092
GCA_000268485.2_ASM26848v2_genomic	4829855	4239503	80007	40	127	420126	90092
GCA_000268505.1_ASM26850v1_genomic	4829855	4340761	17828	46	114	420126	51026
GCA_000268525.1_ASM26852v1_genomic	4829855	4168342	179571	32	61	420126	61755
GCA_000268545.1_ASM26854v1_genomic	4829855	4332747	12279	48	178	420126	64525
GCA_000268565.1_ASM26856v1_genomic	4829855	4288509	19884	49	163	420126	101173
GCA_000268585.1_ASM26858v1_genomic	4829855	4335668	16486	43	132	420126	57443
GCA_000268605.1_ASM26860v1_genomic	4829855	4315690	20876	40	94	420126	73069
GCA_000268625.1_ASM26862v1_genomic	4829855	4345478	13034	41	103	420126	51114
GCA_000268645.1_ASM26864v1_genomic	4829855	4341710	13624	45	106	420126	54289
GCA_000268665.1_ASM26866v1_genomic	4829855	4330650	15790	43	130	420126	63159
GCA_000268685.1_ASM26868v1_genomic	4829855	4359053	6899	45	200	420126	43577
GCA_000268705.1_ASM26870v1_genomic	4829855	4326360	20155	42	132	420126	63082
GCA_000268725.1_ASM26872v1_genomic	4829855	4336255	17562	44	112	420126	55800
GCA_000268725.2_ASM26872v2_genomic	4829855	4336255	17562	44	112	420126	55800
GCA_000268745.1_ASM26874v1_genomic	4829855	4348444	13207	46	109	420126	47969
GCA_000268765.1_ASM26876v1_genomic	4829855	4316602	25629	44	130	420126	67368
GCA_000268785.1_ASM26878v1_genomic	4829855	4294974	31768	48	151	420126	82836
GCA_000268805.1_ASM26880v1_genomic	4829855	4138757	72414	44	129	420126	198429
GCA_000268805.2_ASM26880v2_genomic	4829855	4138757	72414	44	129	420126	198429
GCA_000268825.1_ASM26882v1_genomic	4829855	4350787	11897	43	134	420126	46911
GCA_000268845.1_ASM26884v1_genomic	4829855	4308644	27538	40	104	420126	73443
GCA_000268865.1_ASM26886v1_genomic	4829855	4251214	49613	46	159	420126	108743
GCA_000268865.2_ASM26886v2_genomic	4829855	4251214	49613	46	159	420126	108743
GCA_000268885.1_ASM26888v1_genomic	4829855	4321552	22559	43	127	420126	65491
GCA_000268905.1_ASM26890v1_genomic	4829855	4340619	12692	40	140	420126	56278
GCA_000268925.1_ASM26892v1_genomic	4829855	4337964	16832	48	134	420126	54799
GCA_000268945.1_ASM26894v1_genomic	4829855	4254464	26967	42	117	420126	128181
GCA_000268965.1_ASM26896v1_genomic	4829855	4342436	14792	45	144	420126	52357
GCA_000268985.1_ASM26898v1_genomic	4829855	4187416	171472	30	54	420126	50787
GCA_000269005.1_ASM26900v1_genomic	4829855	4169606	177789	29	63	420126	62271
GCA_000269025.1_ASM26902v1_genomic	4829855	4190427	170969	28	76	420126	48257
GCA_000269045.1_ASM26904v1_genomic	4829855	4317660	15008	47	99	420126	76962
GCA_000269065.1_ASM26906v1_genomic	4829855	4340673	16315	48	142	420126	52599
GCA_000269085.1_ASM26908v1_genomic	4829855	4335693	16073	41	107	420126	57856
GCA_000269105.1_ASM26910v1_genomic	4829855	4333866	14615	43	124	420126	61124
GCA_000269125.1_ASM26912v1_genomic	4829855	4345347	13332	43	139	420126	50911
GCA_000269145.1_ASM26914v1_genomic	4829855	4330851	14705	41	118	420126	64055
GCA_000269165.1_ASM26916v1_genomic	4829855	4341904	14425	46	113	420126	53287
GCA_000269185.1_ASM26918v1_genomic	4829855	4334483	15228	42	130	420126	59888
GCA_000269205.1_ASM26920v1_genomic	4829855	4331661	24665	43	119	420126	53284
GCA_000269225.1_ASM26922v1_genomic	4829855	4323488	22518	42	128	420126	63595
GCA_000269245.1_ASM26924v1_genomic	4829855	4303646	36392	42	141	420126	69550
GCA_000269265.1_ASM26926v1_genomic	4829855	4319543	16428	40	119	420126	73639
GCA_000269285.1_ASM26928v1_genomic	4829855	4344842	13834	42	80	420126	50973
GCA_000269285.2_ASM26928v2_genomic	4829855	4344842	13834	42	80	420126	50973
GCA_000269305.1_ASM26930v1_genomic	4829855	4349918	12688	42	141	420126	46982
GCA_000269325.1_ASM26932v1_genomic	4829855	4332369	18123	42	99	420126	59138
GCA_000269345.1_ASM26934v1_genomic	4829855	4307914	19153	46	142	420126	82520
GCA_000269365.1_ASM26936v1_genomic	4829855	4339077	16829	42	113	420126	53710
GCA_000269385.1_ASM26938v1_genomic	4829855	4067476	137676	42	141	420126	204436
GCA_000269405.1_ASM26940v1_genomic	4829855	4309205	18697	42	150	420126	81677
GCA_000269425.1_ASM26942v1_genomic	4829855	4321276	18088	40	175	420126	70190
GCA_000269445.1_ASM26944v1_genomic	4829855	4351845	11485	44	122	420126	46277
GCA_000269465.1_ASM26946v1_genomic	4829855	4342562	14942	42	181	420126	52044
GCA_000269485.1_ASM26948v1_genomic	4829855	4194803	78655	43	130	420126	136141
GCA_000275685.1_ASM27568v1_genomic	4829855	4352759	34706	147	546	420126	21718
GCA_000311885.1_ASM31188v1_genomic	4829855	4248500	158966	40	0	420126	2263
GCA_000320425.1_ASM32042v1_genomic	4829855	4031163	196858	243	208	420126	181500
GCA_000320445.1_ASM32044v1_genomic	4829855	4086921	154486	119	128	420126	168194
GCA_000320465.1_ASM32046v1_genomic	4829855	4141515	150466	98	113	420126	117635
GCA_000323185.1_ASM32318v1_genomic	4829855	4105234	133768	171	104	420126	170623
GCA_000323205.1_ASM32320v1_genomic	4829855	4176324	75650	141	226	420126	157529
GCA_000323225.1_ASM32322v1_genomic	4829855	4210393	73695	140	281	420126	125360
GCA_000323245.1_ASM32324v1_genomic	4829855	3685680	231633	136	326	420126	492090
GCA_000323285.1_ASM32328v1_genomic	4829855	4265656	39920	49	93	420126	104060
GCA_000323305.1_ASM32330v1_genomic	4829855	4038172	196335	104	99	420126	175123
GCA_000323325.1_ASM32332v1_genomic	4829855	4129651	79203	104	113	420126	200762
GCA_000323345.1_ASM32334v1_genomic	4829855	4007977	178027	105	113	420126	223612
GCA_000323365.1_ASM32336v1_genomic	4829855	4208144	62672	129	135	420126	138778
GCA_000323385.1_ASM32338v1_genomic	4829855	3960228	98384	85	105	420126	351012
GCA_000323405.1_ASM32340v1_genomic	4829855	4184487	78970	81	92	420126	146180
GCA_000323425.1_ASM32342v1_genomic	4829855	4158150	72145	142	119	420126	179315
GCA_000323445.1_ASM32344v1_genomic	4829855	4182115	69751	49	165	420126	157698
GCA_000323465.1_ASM32346v1_genomic	4829855	3951135	308339	109	147	420126	150108
GCA_000323485.1_ASM32348v1_genomic	4829855	4102284	125800	319	360	420126	181285
GCA_000323505.1_ASM32350v1_genomic	4829855	4259358	38572	77	108	420126	111691
GCA_000323525.1_ASM32352v1_genomic	4829855	4069778	93099	78	96	420126	246756
GCA_000323545.1_ASM32354v1_genomic	4829855	4125079	108528	45	100	420126	176022
GCA_000323565.1_ASM32356v1_genomic	4829855	4003842	233025	110	185	420126	172677
GCA_000323585.1_ASM32358v1_genomic	4829855	4123223	145310	105	175	420126	141021
GCA_000323605.1_ASM32360v1_genomic	4829855	4241937	49933	46	117	420126	117742
GCA_000323625.1_ASM32362v1_genomic	4829855	4059710	124099	184	144	420126	225776
GCA_000323645.1_ASM32364v1_genomic	4829855	4058984	209164	104	214	420126	141367
GCA_000323665.1_ASM32366v1_genomic	4829855	3859443	341412	131	158	420126	208716
GCA_000323685.1_ASM32368v1_genomic	4829855	4030102	200282	47	121	420126	179224
GCA_000323705.1_ASM32370v1_genomic	4829855	4213231	69500	77	106	420126	126892
GCA_000323725.1_ASM32372v1_genomic	4829855	3976738	179206	102	172	420126	253613
GCA_000323745.1_ASM32374v1_genomic	4829855	3910807	258518	46	75	420126	240329
GCA_000323765.1_ASM32376v1_genomic	4829855	4229160	26164	73	90	420126	154315
GCA_000323785.1_ASM32378v1_genomic	4829855	4236488	32966	46	64	420126	140211
GCA_000323805.1_ASM32380v1_genomic	4829855	4133641	72119	43	179	420126	203790
GCA_000323825.1_ASM32382v1_genomic	4829855	4050336	190576	42	129	420126	168688
GCA_000323845.1_ASM32384v1_genomic	4829855	4022823	142644	282	120	420126	244142
GCA_000323865.1_ASM32386v1_genomic	4829855	4021951	160232	42	160	420126	227386
GCA_000323885.1_ASM32388v1_genomic	4829855	4137106	117580	45	120	420126	154923
GCA_000323905.1_ASM32390v1_genomic	4829855	4090397	89703	94	124	420126	229505
GCA_000323925.1_ASM32392v1_genomic	4829855	4064017	148913	90	94	420126	196705
GCA_000323945.1_ASM32394v1_genomic	4829855	3769262	106642	103	181	420126	533644
GCA_000323965.1_ASM32396v1_genomic	4829855	4090532	145827	36	100	420126	173270
GCA_000323985.1_ASM32398v1_genomic	4829855	3804235	317564	23	49	420126	287881
GCA_000324005.1_ASM32400v1_genomic	4829855	4006915	234789	88	314	420126	167711
GCA_000324025.1_ASM32402v1_genomic	4829855	4229763	60538	85	263	420126	119165
GCA_000324045.1_ASM32404v1_genomic	4829855	4061096	102883	162	322	420126	245428
GCA_000324065.1_ASM32406v1_genomic	4829855	3856664	319820	60	59	420126	233186
GCA_000324085.1_ASM32408v1_genomic	4829855	3896666	269116	33	90	420126	243857
GCA_000324105.1_ASM32410v1_genomic	4829855	3999441	209327	36	102	420126	200859
GCA_000324125.1_ASM32412v1_genomic	4829855	4138986	81013	75	126	420126	189604
GCA_000324145.1_ASM32414v1_genomic	4829855	4237179	44540	74	101	420126	127909
GCA_000324165.1_ASM32416v1_genomic	4829855	4151166	93770	56	85	420126	164708
GCA_000324185.1_ASM32418v1_genomic	4829855	4106763	135105	99	65	420126	167796
GCA_000324205.1_ASM32420v1_genomic	4829855	4179770	60177	102	122	420126	169660
GCA_000324225.1_ASM32422v1_genomic	4829855	4243915	45087	94	112	420126	120615
GCA_000324245.1_ASM32424v1_genomic	4829855	4073856	156065	76	156	420126	179652
GCA_000324265.1_ASM32426v1_genomic	4829855	4043170	216995	83	152	420126	149412
GCA_000324285.1_ASM32428v1_genomic	4829855	3897514	263751	31	146	420126	248318
GCA_000324305.1_ASM32430v1_genomic	4829855	3996465	232026	78	175	420126	181063
GCA_000324325.1_ASM32432v1_genomic	4829855	3785334	320265	57	73	420126	304057
GCA_000324345.1_ASM32434v1_genomic	4829855	4130506	157456	96	169	420126	121598
GCA_000324365.1_ASM32436v1_genomic	4829855	4157112	83448	33	80	420126	169089
GCA_000324385.1_ASM32438v1_genomic	4829855	3834632	139545	32	135	420126	435417
GCA_000324405.1_ASM32440v1_genomic	4829855	4193604	29822	37	124	420126	186179
GCA_000324425.1_ASM32442v1_genomic	4829855	4238861	45536	24	71	420126	125261
GCA_000324445.1_ASM32444v1_genomic	4829855	3994872	237390	75	219	420126	177248
GCA_000324465.1_ASM32446v1_genomic	4829855	4083356	162842	146	326	420126	163205
GCA_000324485.1_ASM32448v1_genomic	4829855	3846052	309197	77	211	420126	254269
GCA_000324505.1_ASM32450v1_genomic	4829855	4015771	194976	69	130	420126	198852
GCA_000324525.1_ASM32452v1_genomic	4829855	4174594	71463	151	338	420126	163334
GCA_000324545.1_ASM32454v1_genomic	4829855	3942587	236462	69	93	420126	230587
GCA_000324565.1_ASM32456v1_genomic	4829855	4204906	64384	68	108	420126	140331
GCA_000324585.1_ASM32458v1_genomic	4829855	3875378	267361	68	133	420126	266857
GCA_000324605.1_ASM32460v1_genomic	4829855	4032383	166339	77	251	420126	210756
GCA_000324625.1_ASM32462v1_genomic	4829855	4147242	28037	28	64	420126	234386
GCA_000324645.1_ASM32464v1_genomic	4829855	3937019	243563	22	46	420126	229101
GCA_000324665.1_ASM32466v1_genomic	4829855	4099616	146934	132	287	420126	162892
GCA_000324685.1_ASM32468v1_genomic	4829855	4092129	161348	31	140	420126	156112
GCA_000324705.1_ASM32470v1_genomic	4829855	4017476	134302	27	147	420126	257804
GCA_000324725.1_ASM32472v1_genomic	4829855	4136102	135827	28	113	420126	137687
GCA_000324745.1_ASM32474v1_genomic	4829855	4149153	59765	27	170	420126	200641
GCA_000324765.1_ASM32476v1_genomic	4829855	4053906	163585	27	100	420126	192138
GCA_000324785.1_ASM32478v1_genomic	4829855	4232473	32377	28	88	420126	144791
GCA_000324805.2_EV76-CN_genomic	4829855	4101339	231345	17	347	420126	76698
GCA_000324825.1_ASM32482v1_genomic	4829855	4083543	98247	22	54	420126	227885
GCA_000324845.1_ASM32484v1_genomic	4829855	4214240	26461	30	98	420126	168930
GCA_000324865.1_ASM32486v1_genomic	4829855	3940438	225963	22	65	420126	243263
GCA_000324885.1_ASM32488v1_genomic	4829855	4210941	71578	61	137	420126	127073
GCA_000324905.1_ASM32490v1_genomic	4829855	4233881	61696	62	117	420126	114035
GCA_000324925.1_ASM32492v1_genomic	4829855	4003595	265219	232	202	420126	140713
GCA_000324945.1_ASM32494v1_genomic	4829855	3813281	372709	68	122	420126	223617
GCA_000324965.1_ASM32496v1_genomic	4829855	4153585	108869	60	180	420126	147095
GCA_000324985.1_ASM32498v1_genomic	4829855	4030468	180935	64	120	420126	198206
GCA_000325005.1_ASM32500v1_genomic	4829855	4143985	70527	65	222	420126	194995
GCA_000325025.1_ASM32502v1_genomic	4829855	4064165	149308	69	285	420126	195971
GCA_000325045.1_ASM32504v1_genomic	4829855	3973798	237400	70	249	420126	198282
GCA_000325065.1_ASM32506v1_genomic	4829855	4122579	83918	70	293	420126	202939
GCA_000325085.1_ASM32508v1_genomic	4829855	4083541	57121	69	207	420126	268860
GCA_000325105.1_ASM32510v1_genomic	4829855	4086200	143088	64	240	420126	180201
GCA_000325125.1_ASM32512v1_genomic	4829855	4189840	40193	62	249	420126	179447
GCA_000325165.1_ASM32516v1_genomic	4829855	4032869	176357	30	101	420126	200402
GCA_000325185.1_ASM32518v1_genomic	4829855	4076144	143155	115	302	420126	190128
GCA_000325205.1_ASM32520v1_genomic	4829855	4218212	64993	54	145	420126	126379
GCA_000325225.1_ASM32522v1_genomic	4829855	4041745	171808	56	57	420126	196119
GCA_000325245.1_ASM32524v1_genomic	4829855	4091642	125340	57	147	420126	192600
GCA_000325265.1_ASM32526v1_genomic	4829855	4013769	238440	53	148	420126	157372
GCA_000325285.1_ASM32528v1_genomic	4829855	3947377	245644	56	129	420126	216579
GCA_000325305.1_ASM32530v1_genomic	4829855	4103438	135050	54	104	420126	171137
GCA_000325325.1_ASM32532v1_genomic	4829855	4025830	191044	68	257	420126	192598
GCA_000325345.1_ASM32534v1_genomic	4829855	3975571	203938	69	230	420126	229990
GCA_000325365.1_ASM32536v1_genomic	4829855	4088053	92316	26	110	420126	229250
GCA_000325385.1_ASM32538v1_genomic	4829855	3819284	261679	25	95	420126	328671
GCA_000325405.1_ASM32540v1_genomic	4829855	3870583	273766	21	61	420126	265319
GCA_000325425.1_ASM32542v1_genomic	4829855	4241957	38139	18	88	420126	129545
GCA_000325445.1_ASM32544v1_genomic	4829855	3951219	247771	18	66	420126	210673
GCA_000325465.1_ASM32546v1_genomic	4829855	4204448	27839	25	102	420126	177340
GCA_000325485.1_ASM32548v1_genomic	4829855	3854705	342981	19	29	420126	212014
GCA_000382505.1_Yersinia_pestis_G1670E_assembly_genomic	4829855	4270080	96129	201	665	420126	42855
GCA_000382525.1_Yersinia_pestis_G3768_assembly_genomic	4829855	4265722	92743	191	584	420126	50680
GCA_000382545.1_Yersinia_pestis_assembly_genomic	4829855	4277299	88729	194	608	420126	43093
GCA_000475095.2_YP009_v2_genomic	4829855	4244276	150751	29	0	420126	14702
GCA_000475115.2_YP113_v2_genomic	4829855	4307333	90070	19	1	420126	12325
GCA_000475135.2_YPS03_v2_genomic	4829855	4392491	720	81	0	420126	16518
GCA_000475155.2_YP24H_v2_genomic	4829855	4244471	150690	29	0	420126	14568
GCA_000590535.1_EV_NIIEG_genomic	4829855	4243929	123028	17	181	420126	42591
GCA_000590535.2_ASM59053v2_genomic	4829855	4134181	271546	14	204	420126	3798
GCA_000705315.1_EDB10_058v1_genomic	4829855	4320348	16336	10	135	420126	72910
GCA_000734805.1_ASM73480v1_genomic	4829855	4328415	32836	42	402	420126	48076
GCA_000834275.1_ASM83427v1_genomic	4829855	4277066	121061	119	391	420126	11211
GCA_000834295.1_ASM83429v1_genomic	4829855	4136362	216978	4793	1352	420126	55037
GCA_000834335.1_ASM83433v1_genomic	4829855	4407478	255	7	86	420126	1910
GCA_000834495.1_ASM83449v1_genomic	4829855	4407101	193	8	23	420126	2412
GCA_000834755.1_ASM83475v1_genomic	4829855	4248905	157895	13	138	420126	2791
GCA_000834775.1_ASM83477v1_genomic	4829855	4360061	48051	7	38	420126	1579
GCA_000834885.1_ASM83488v1_genomic	4829855	4269948	127637	118	418	420126	11726
GCA_000834905.1_ASM83490v1_genomic	4829855	4316643	89243	19	273	420126	3570
GCA_000835005.1_ASM83500v1_genomic	4829855	3907259	478633	77	446	420126	23391
GCA_000950945.1_ASM95094v1_genomic	4829855	4339770	19906	119	566	420126	49487
GCA_000970105.1_ASM97010v1_genomic	4829855	4364115	33868	68	572	420126	11174
GCA_000986995.1_YPES001-SEQ-2-ASM-1_genomic	4829855	4294606	102681	18	396	420126	12046
GCA_001188325.1_YPY_1_genomic	4829855	4300213	86176	166	596	420126	22744
GCA_001188335.1_DYA_1_genomic	4829855	4299749	87465	170	697	420126	21818
GCA_001188675.1_ASM118867v1_genomic	4829855	4353900	45602	38	473	420126	9754
GCA_001188695.1_ASM118869v1_genomic	4829855	4299177	87112	166	582	420126	22858
GCA_001188715.1_ASM118871v1_genomic	4829855	4302378	85650	167	708	420126	20993
GCA_001188735.1_ASM118873v1_genomic	4829855	4266449	131285	63	575	420126	11420
GCA_001188755.1_ASM118875v1_genomic	4829855	4244781	142857	163	757	420126	21334
GCA_001188775.1_ASM118877v1_genomic	4829855	4300005	87154	166	701	420126	21869
GCA_001188795.1_ASM118879v1_genomic	4829855	4298779	86629	163	689	420126	23632
GCA_001188815.1_ASM118881v1_genomic	4829855	4266331	131131	61	726	420126	11541
GCA_001188935.1_ASM118893v1_genomic	4829855	4299454	87054	165	622	420126	22599
GCA_001261975.1_YPW_8_IHQD_genomic	4829855	4336903	61866	61	497	420126	10463
GCA_001261985.1_YPW_3_IHQD_genomic	4829855	4295997	109689	12	426	420126	3617
GCA_001294805.1_ASM129480v1_genomic	4829855	4321070	50637	94	884	420126	37138
GCA_001294815.1_ASM129481v1_genomic	4829855	4284380	86989	164	685	420126	37675
GCA_001294825.1_ASM129482v1_genomic	4829855	4248009	124028	148	671	420126	37021
GCA_001294885.1_ASM129488v1_genomic	4829855	4269478	104136	115	741	420126	35374
GCA_001294905.1_ASM129490v1_genomic	4829855	4287453	85655	161	697	420126	35924
GCA_001294915.1_ASM129491v1_genomic	4829855	4284492	87105	162	729	420126	37403
GCA_001294965.1_ASM129496v1_genomic	4829855	4306832	65325	95	777	420126	36795
GCA_001294975.1_ASM129497v1_genomic	4829855	4318984	47721	101	585	420126	42439
GCA_001294985.1_ASM129498v1_genomic	4829855	4288246	85838	159	584	420126	35061
GCA_001295025.1_ASM129502v1_genomic	4829855	4359013	18640	96	647	420126	31429
GCA_001295045.1_ASM129504v1_genomic	4829855	4287792	87198	161	634	420126	34105
GCA_001295055.1_ASM129505v1_genomic	4829855	4287360	85464	161	835	420126	36070
GCA_001295065.1_ASM129506v1_genomic	4829855	4282756	85958	159	628	420126	40387
GCA_001295105.1_ASM129510v1_genomic	4829855	4283425	85665	161	572	420126	40067
GCA_001295115.1_ASM129511v1_genomic	4829855	4327278	45744	97	649	420126	36058
GCA_001295145.1_ASM129514v1_genomic	4829855	4263534	110757	104	580	420126	34858
GCA_001295185.1_ASM129518v1_genomic	4829855	4272013	92442	161	442	420126	44832
GCA_001487065.1_Yersinia_pestis_genomic	4829855	4224334	172136	26	0	420126	13259
GCA_001509855.1_ASM150985v1_genomic	4829855	4400339	6149	9	45	420126	3196
GCA_001509865.1_ASM150986v1_genomic	4829855	4408060	17	6	76	420126	1576
GCA_001559935.1_ASM155993v1_genomic	4829855	4297922	46874	71	682	420126	64251
GCA_001595585.1_ASM159558v1_genomic	4829855	4329278	36700	59	581	420126	43170
GCA_001601285.1_ASM160128v1_genomic	4829855	4344698	23981	47	509	420126	40541
GCA_001601675.1_ASM160167v1_genomic	4829855	4211861	134043	173	563	420126	63262
GCA_001601735.1_ASM160173v1_genomic	4829855	4291313	55946	149	805	420126	61665
GCA_001613865.1_ASM161386v1_genomic	4829855	4216688	124550	119	578	420126	67913
GCA_001613885.1_ASM161388v1_genomic	4829855	4318542	37440	54	635	420126	53112
GCA_001613895.1_ASM161389v1_genomic	4829855	4336482	36151	60	566	420126	36530
GCA_001617705.1_Yersinia_pestis_C-791_genomic	4829855	4329871	36460	54	607	420126	42791
GCA_001617715.1_Yersinia_pestis_M-519_genomic	4829855	4332672	36982	71	482	420126	39593
GCA_001617725.1_Yersinia_pestis_M-1484_genomic	4829855	4256490	85020	71	611	420126	67608
GCA_001617735.1_Yersinia_pestis_M-1763_genomic	4829855	4322906	36863	62	574	420126	49386
GCA_001617785.1_Yersinia_pestis_M-549_genomic	4829855	4255604	108536	54	609	420126	44980
GCA_001617805.1_Yersinia_pestis_173_genomic	4829855	4318395	40166	54	546	420126	50622
GCA_001617815.1_Yersinia_pestis_M-1453_genomic	4829855	4223363	139170	62	485	420126	46711
GCA_001693595.1_ASM169359v1_genomic	4829855	4310645	97317	8	543	420126	1224
GCA_001972385.1_ASM197238v1_genomic	4829855	4259899	124453	181	595	420126	24782
GCA_001972395.1_ASM197239v1_genomic	4829855	4260368	124606	168	626	420126	24129
GCA_001972405.1_ASM197240v1_genomic	4829855	4213855	172238	172	531	420126	23105
GCA_001972465.1_ASM197246v1_genomic	4829855	4261267	124253	171	662	420126	23547
GCA_001972475.1_ASM197247v1_genomic	4829855	4344233	45507	106	575	420126	19414
GCA_001972515.1_ASM197251v1_genomic	4829855	4343488	46049	105	604	420126	19588
GCA_002005285.1_ASM200528v1_genomic	4829855	4393984	8867	47	637	420126	6241
GCA_002127355.1_ASM212735v1_genomic	4829855	4262440	123360	142	626	420126	23303
GCA_002127365.1_ASM212736v1_genomic	4829855	4262473	123546	150	665	420126	23045
GCA_002127375.1_ASM212737v1_genomic	4829855	4257163	129527	139	561	420126	22478
GCA_002165475.1_ASM216547v1_genomic	4829855	4262734	122925	153	615	420126	23455
GCA_002173795.1_ASM217379v1_genomic	4829855	4342687	45885	101	581	420126	20576
GCA_002173805.1_ASM217380v1_genomic	4829855	4340559	46284	136	608	420126	22278
GCA_002173815.1_ASM217381v1_genomic	4829855	4335855	53399	120	607	420126	19868
GCA_002188685.1_ASM218868v1_genomic	4829855	4342779	45420	101	776	420126	20754
GCA_002188725.1_ASM218872v1_genomic	4829855	4342294	45566	108	821	420126	21048
GCA_002188765.1_ASM218876v1_genomic	4829855	4321220	66393	126	787	420126	21329
GCA_002188775.1_ASM218877v1_genomic	4829855	4342714	45962	109	617	420126	20436
GCA_002412225.1_Y.pestis_A-1486_genomic	4829855	4277342	55378	31	453	420126	76556
GCA_002412235.1_Y.pestis_A-1249_genomic	4829855	4305679	53620	108	811	420126	49619
GCA_002412245.1_Y.pestis_A-1691_genomic	4829855	4333649	15504	35	332	420126	60244
GCA_002412255.1_Y.pestis_A-1836_genomic	4829855	4345908	16173	74	359	420126	47289
GCA_002412305.1_Y.pestis_A-1809_genomic	4829855	4302475	44731	82	685	420126	61838
GCA_002981895.1_ASM298189v1_genomic	4829855	4283026	108270	90	691	420126	17742
GCA_002981915.1_ASM298191v1_genomic	4829855	4372215	19278	96	521	420126	17715
GCA_002981925.1_ASM298192v1_genomic	4829855	4312917	77990	88	763	420126	18059
GCA_002981955.1_ASM298195v1_genomic	4829855	4312671	77973	99	687	420126	18398
GCA_002981995.1_ASM298199v1_genomic	4829855	4367799	22808	94	626	420126	18496
GCA_002993145.1_ASM299314v1_genomic	4829855	4287498	87191	145	743	420126	34297
GCA_003074155.1_ASM307415v1_genomic	4829855	4348537	22357	36	362	420126	38473
GCA_003074175.1_ASM307417v1_genomic	4829855	4300812	51542	84	970	420126	56405
GCA_003074195.1_ASM307419v1_genomic	4829855	4339023	26941	36	334	420126	43431
GCA_003074215.1_ASM307421v1_genomic	4829855	4354041	21148	36	367	420126	34173
GCA_003074235.1_ASM307423v1_genomic	4829855	4244469	120335	48	390	420126	44535
GCA_003074255.1_ASM307425v1_genomic	4829855	4348012	22312	36	330	420126	39075
GCA_003074275.1_ASM307427v1_genomic	4829855	4153487	149225	65	470	420126	106547
GCA_003074295.1_ASM307429v1_genomic	4829855	4313950	36273	51	687	420126	58819
GCA_003074315.1_ASM307431v1_genomic	4829855	4336808	13626	33	324	420126	58971
GCA_003074335.1_ASM307433v1_genomic	4829855	4336742	37069	52	586	420126	35332
GCA_003074355.1_ASM307435v1_genomic	4829855	4329808	36927	52	599	420126	42395
GCA_003074375.1_ASM307437v1_genomic	4829855	4337366	36072	54	567	420126	35724
GCA_003074395.1_ASM307439v1_genomic	4829855	4275453	87311	140	637	420126	46328
GCA_003074415.1_ASM307441v1_genomic	4829855	4283392	86732	139	643	420126	38962
GCA_003074435.1_ASM307443v1_genomic	4829855	4283302	86604	140	694	420126	39129
GCA_003074535.1_ASM307453v1_genomic	4829855	4272222	106785	34	365	420126	30357
GCA_003074595.1_ASM307459v1_genomic	4829855	4271518	106762	32	438	420126	31011
GCA_003085855.1_ASM308585v1_genomic	4829855	4325835	39519	52	522	420126	43853
GCA_003085875.1_ASM308587v1_genomic	4829855	4276843	86041	145	606	420126	46239
GCA_003085895.1_ASM308589v1_genomic	4829855	4308072	47847	84	674	420126	53136
GCA_003085915.1_ASM308591v1_genomic	4829855	4357843	21085	35	317	420126	30484
GCA_003085935.1_ASM308593v1_genomic	4829855	4279802	88286	140	688	420126	40953
GCA_003085955.1_ASM308595v1_genomic	4829855	4319797	48085	85	799	420126	41048
GCA_003085975.1_ASM308597v1_genomic	4829855	4249944	102831	51	700	420126	56254
GCA_003085995.1_ASM308599v1_genomic	4829855	4321999	40467	52	655	420126	46608
GCA_003086015.1_ASM308601v1_genomic	4829855	4228576	127288	35	464	420126	53401
GCA_003086035.1_ASM308603v1_genomic	4829855	4316760	46981	84	788	420126	45200
GCA_003086055.1_ASM308605v1_genomic	4829855	4332358	38064	51	575	420126	38732
GCA_003086075.1_ASM308607v1_genomic	4829855	4226080	62253	99	662	420126	120734
GCA_003086095.1_ASM308609v1_genomic	4829855	4325742	35709	51	1013	420126	47265
GCA_003086115.1_ASM308611v1_genomic	4829855	4297521	45712	100	689	420126	65807
GCA_003086155.1_ASM308615v1_genomic	4829855	4246035	103982	49	624	420126	59088
GCA_003122795.1_Y.pestis_I-2422_genomic	4829855	4319686	26080	87	528	420126	63435
GCA_003797205.1_ASM379720v1_genomic	4829855	4401179	3687	11	1238	420126	3625
GCA_003798085.1_ASM379808v1_genomic	4829855	4314872	89283	12	2406	420126	3168
GCA_003798225.1_ASM379822v1_genomic	4829855	4360136	31727	47	1136	420126	16730
GCA_004023585.1_ASM402358v1_genomic	4829855	4235798	135145	50	559	420126	38227
GCA_004023595.1_ASM402359v1_genomic	4829855	4316182	39524	50	509	420126	53514
GCA_006376415.1_ASM637641v1_genomic	4829855	4152486	221438	52	668	420126	35137
GCA_006376435.1_ASM637643v1_genomic	4829855	4334625	35362	49	607	420126	39135
GCA_006376475.1_ASM637647v1_genomic	4829855	4078813	290138	47	515	420126	40263
GCA_006376495.1_ASM637649v1_genomic	4829855	4174747	194710	50	541	420126	39731
GCA_006376505.1_ASM637650v1_genomic	4829855	4276102	91192	144	671	420126	41764
GCA_006376535.1_ASM637653v1_genomic	4829855	4128597	201474	66	1154	420126	78504
GCA_006376535.2_ASM637653v2_genomic	4829855	4195749	200110	87	553	420126	13317
GCA_006376545.1_ASM637654v1_genomic	4829855	4271407	89959	137	592	420126	47771
GCA_006376575.1_ASM637657v1_genomic	4829855	4188857	180012	45	516	420126	40344
GCA_006376585.1_ASM637658v1_genomic	4829855	4244500	124604	129	614	420126	40011
GCA_006517425.1_ASM651742v1_genomic	4829855	4357069	19683	86	573	420126	32404
GCA_006546665.1_ASM654666v1_genomic	4829855	4356251	17996	85	590	420126	34892
GCA_006546725.1_ASM654672v1_genomic	4829855	4357341	19481	85	486	420126	32421
GCA_006546745.1_ASM654674v1_genomic	4829855	4352432	18469	85	738	420126	38090
GCA_008630375.1_ASM863037v1_genomic	4829855	4222343	144721	99	28	420126	42637
GCA_008630375.2_ASM863037v2_genomic	4829855	4217039	150238	125	224	420126	42228
GCA_008630395.1_ASM863039v1_genomic	4829855	4324242	38204	46	558	420126	46725
GCA_008630415.1_ASM863041v1_genomic	4829855	4240371	125093	134	609	420126	43656
GCA_008630435.1_ASM863043v1_genomic	4829855	4212359	159527	61	490	420126	37353
GCA_008630455.1_ASM863045v1_genomic	4829855	4242040	124666	128	650	420126	42373
GCA_008630485.1_ASM863048v1_genomic	4829855	4209752	157488	48	640	420126	41849
GCA_008630575.1_ASM863057v1_genomic	4829855	4336267	35179	44	512	420126	37771
GCA_009295945.1_ASM929594v1_genomic	4829855	4294191	106454	29	292	420126	8792
GCA_009296005.1_ASM929600v1_genomic	4829855	4207556	190977	42	583	420126	10613
GCA_009363195.1_ASM936319v1_genomic	4829855	4371408	28693	30	391	420126	9237
GCA_009667885.1_ASM966788v1_genomic	4829855	4357664	23475	47	432	420126	28158
GCA_009667895.1_ASM966789v1_genomic	4829855	4366587	20065	45	482	420126	22595
GCA_009667925.1_ASM966792v1_genomic	4829855	4366527	20873	47	425	420126	21904
GCA_009667935.1_ASM966793v1_genomic	4829855	4366823	20059	48	449	420126	22398
GCA_009667945.1_ASM966794v1_genomic	4829855	4362856	20042	46	431	420126	26400
GCA_009667985.1_ASM966798v1_genomic	4829855	4359843	22679	46	402	420126	26805
GCA_009669545.1_ASM966954v1_genomic	4829855	4366221	20031	46	412	420126	23065
GCA_009669555.1_ASM966955v1_genomic	4829855	4360672	20121	46	560	420126	28376
GCA_009669565.1_ASM966956v1_genomic	4829855	4361782	20152	46	451	420126	27344
GCA_009669605.1_ASM966960v1_genomic	4829855	4366920	20024	46	436	420126	22349
GCA_009669625.1_ASM966962v1_genomic	4829855	4366664	20081	47	464	420126	22520
GCA_009669635.1_ASM966963v1_genomic	4829855	4359879	20040	48	514	420126	29296
GCA_009669665.1_ASM966966v1_genomic	4829855	4368335	20012	46	463	420126	20919
GCA_009669675.1_ASM966967v1_genomic	4829855	4365978	20036	48	466	420126	23249
GCA_009669705.1_ASM966970v1_genomic	4829855	4236308	149693	47	458	420126	23270
GCA_009669715.1_ASM966971v1_genomic	4829855	4360100	20170	47	491	420126	28968
GCA_009669725.1_ASM966972v1_genomic	4829855	4365558	20013	47	403	420126	23755
GCA_009669765.1_ASM966976v1_genomic	4829855	4366884	20043	46	447	420126	22355
GCA_009669775.1_ASM966977v1_genomic	4829855	4367900	20015	45	487	420126	21327
GCA_009669805.1_ASM966980v1_genomic	4829855	4366191	20075	46	409	420126	23054
GCA_009669825.1_ASM966982v1_genomic	4829855	4360252	20093	48	520	420126	28864
GCA_009669835.1_ASM966983v1_genomic	4829855	4364668	20071	46	390	420126	24600
GCA_009669845.1_ASM966984v1_genomic	4829855	4361200	20073	46	512	420126	27944
GCA_009669875.1_ASM966987v1_genomic	4829855	4366541	20016	46	433	420126	22739
GCA_009669905.1_ASM966990v1_genomic	4829855	4360729	20139	46	571	420126	28290
GCA_009669925.1_ASM966992v1_genomic	4829855	4367457	20013	46	478	420126	21781
GCA_009669935.1_ASM966993v1_genomic	4829855	4361529	20077	47	559	420126	27564
GCA_009669955.1_ASM966995v1_genomic	4829855	4360645	20146	46	472	420126	28466
GCA_009669975.1_ASM966997v1_genomic	4829855	4367656	20000	45	514	420126	21559
GCA_009670005.1_ASM967000v1_genomic	4829855	4366678	20027	46	393	420126	22631
GCA_009670015.1_ASM967001v1_genomic	4829855	4363956	20126	45	538	420126	25109
GCA_009670045.1_ASM967004v1_genomic	4829855	4366914	20029	47	450	420126	22336
GCA_009670055.1_ASM967005v1_genomic	4829855	4364583	20046	46	435	420126	24665
GCA_009670075.1_ASM967007v1_genomic	4829855	4363360	20154	45	448	420126	25767
GCA_009670105.1_ASM967010v1_genomic	4829855	4362992	20209	46	423	420126	26105
GCA_009670115.1_ASM967011v1_genomic	4829855	4338176	43011	46	450	420126	28092
GCA_009670135.1_ASM967013v1_genomic	4829855	4272555	109822	45	483	420126	26869
GCA_009670155.1_ASM967015v1_genomic	4829855	4247804	134855	45	391	420126	26679
GCA_009670185.1_ASM967018v1_genomic	4829855	4366773	20032	48	473	420126	22451
GCA_009670205.1_ASM967020v1_genomic	4829855	4364372	20113	46	407	420126	24837
GCA_009670225.1_ASM967022v1_genomic	4829855	4361811	20158	48	469	420126	27291
GCA_009670235.1_ASM967023v1_genomic	4829855	4358838	20330	47	546	420126	30015
GCA_009670245.1_ASM967024v1_genomic	4829855	4335744	44600	47	503	420126	28882
GCA_009670285.1_ASM967028v1_genomic	4829855	4362264	20067	47	485	420126	26913
GCA_009670305.1_ASM967030v1_genomic	4829855	4361644	20100	47	405	420126	27580
GCA_009670325.1_ASM967032v1_genomic	4829855	4367350	20015	46	421	420126	21943
GCA_009670345.1_ASM967034v1_genomic	4829855	4362439	20156	46	392	420126	26742
GCA_009670355.1_ASM967035v1_genomic	4829855	4254775	132556	47	453	420126	21945
GCA_009670385.1_ASM967038v1_genomic	4829855	4360117	20067	45	562	420126	28983
GCA_009670395.1_ASM967039v1_genomic	4829855	4361592	20176	46	482	420126	27479
GCA_009670415.1_ASM967041v1_genomic	4829855	4361962	20076	46	499	420126	27192
GCA_009670445.1_ASM967044v1_genomic	4829855	4366087	20080	46	454	420126	23108
GCA_009670465.1_ASM967046v1_genomic	4829855	4336046	50343	46	402	420126	22938
GCA_009670475.1_ASM967047v1_genomic	4829855	4364947	23179	47	553	420126	21050
GCA_009670485.1_ASM967048v1_genomic	4829855	4366974	20029	46	383	420126	22343
GCA_009670515.1_ASM967051v1_genomic	4829855	4366572	20047	47	438	420126	22672
GCA_009670545.1_ASM967054v1_genomic	4829855	4365866	20066	46	376	420126	23421
GCA_009670565.1_ASM967056v1_genomic	4829855	4367753	20032	45	497	420126	21447
GCA_009670575.1_ASM967057v1_genomic	4829855	4366888	20000	46	471	420126	22370
GCA_009670585.1_ASM967058v1_genomic	4829855	4362246	20164	46	374	420126	26945
GCA_009670605.1_ASM967060v1_genomic	4829855	4366863	20026	46	451	420126	22389
GCA_009670625.1_ASM967062v1_genomic	4829855	4362312	20071	46	439	420126	26907
GCA_009670665.1_ASM967066v1_genomic	4829855	4301346	81526	48	481	420126	26376
GCA_009670675.1_ASM967067v1_genomic	4829855	4368211	20014	46	449	420126	21055
GCA_009670705.1_ASM967070v1_genomic	4829855	4367390	20065	46	438	420126	21836
GCA_009670715.1_ASM967071v1_genomic	4829855	4238391	149369	47	453	420126	21516
GCA_009670725.1_ASM967072v1_genomic	4829855	4367574	20003	47	434	420126	21718
GCA_009670765.1_ASM967076v1_genomic	4829855	4367129	20022	46	424	420126	22154
GCA_009670775.1_ASM967077v1_genomic	4829855	4367607	20030	46	481	420126	21611
GCA_009670785.1_ASM967078v1_genomic	4829855	4360120	20262	46	497	420126	28850
GCA_009670815.1_ASM967081v1_genomic	4829855	4366542	20035	47	410	420126	22742
GCA_009670835.1_ASM967083v1_genomic	4829855	4367091	20088	46	427	420126	22123
GCA_009670865.1_ASM967086v1_genomic	4829855	4361357	20092	46	513	420126	27767
GCA_009670875.1_ASM967087v1_genomic	4829855	4342684	45087	45	487	420126	21471
GCA_009670895.1_ASM967089v1_genomic	4829855	4367580	20021	46	469	420126	21659
GCA_009670905.1_ASM967090v1_genomic	4829855	4367227	20031	46	481	420126	21990
GCA_009670935.1_ASM967093v1_genomic	4829855	4359967	20084	46	446	420126	29232
GCA_009670995.1_ASM967099v1_genomic	4829855	4368116	20009	47	435	420126	21169
GCA_009909635.1_ASM990963v1_genomic	4829855	4230651	144351	47	503	420126	34224
GCA_009909645.1_ASM990964v1_genomic	4829855	4344039	34179	45	496	420126	31015
GCA_009909655.1_ASM990965v1_genomic	4829855	4248392	131712	50	552	420126	29073
GCA_010974835.1_ASM1097483v1_genomic	4829855	4337803	42137	49	508	420126	29281
GCA_010974845.1_ASM1097484v1_genomic	4829855	4338866	34310	46	541	420126	36012
GCA_010974855.1_ASM1097485v1_genomic	4829855	4172763	152183	47	405	420126	84378
GCA_013391945.1_ASM1339194v1_genomic	4829855	4289388	111201	33	448	420126	8692
GCA_013391965.1_ASM1339196v1_genomic	4829855	4388607	12378	32	454	420126	8290
GCA_013392045.1_ASM1339204v1_genomic	4829855	4347740	48460	38	558	420126	12971
GCA_013392055.1_ASM1339205v1_genomic	4829855	4348188	47969	38	542	420126	13030
GCA_013392075.1_ASM1339207v1_genomic	4829855	4347796	48454	38	536	420126	12943
GCA_013392085.1_ASM1339208v1_genomic	4829855	4347707	48481	38	606	420126	12935
GCA_013392105.1_ASM1339210v1_genomic	4829855	4349081	47099	38	534	420126	13015
GCA_013392145.1_ASM1339214v1_genomic	4829855	4348115	48028	38	552	420126	13034
GCA_013421455.1_ASM1342145v1_genomic	4829855	4373029	3250	11	253	420126	33197
GCA_013421465.1_ASM1342146v1_genomic	4829855	4218488	159907	14	193	420126	31141
GCA_013421535.1_ASM1342153v1_genomic	4829855	4219765	159292	12	239	420126	30433
GCA_013421545.1_ASM1342154v1_genomic	4829855	4356612	8985	9	226	420126	43906
GCA_013421555.1_ASM1342155v1_genomic	4829855	4278852	99462	9	145	420126	31270
GCA_014734355.1_ASM1473435v1_genomic	4829855	4350614	45389	37	537	420126	13189
GCA_014734395.1_ASM1473439v1_genomic	4829855	4350575	45386	37	528	420126	13240
GCA_014734405.1_ASM1473440v1_genomic	4829855	4350632	45392	37	532	420126	13173
GCA_015158475.1_ASM1515847v1_genomic	4829855	4352417	51105	13	487	420126	5720
GCA_015158485.1_ASM1515848v1_genomic	4829855	4392886	10422	14	285	420126	6136
GCA_015158575.1_ASM1515857v1_genomic	4829855	4394645	9571	16	322	420126	5191
GCA_015158585.1_ASM1515858v1_genomic	4829855	4289817	114251	15	270	420126	5391
GCA_015158615.1_ASM1515861v1_genomic	4829855	4391092	12587	15	261	420126	5789
GCA_015158625.1_ASM1515862v1_genomic	4829855	4255227	148358	13	353	420126	5791
GCA_015158635.1_ASM1515863v1_genomic	4829855	4394283	9877	15	297	420126	5272
GCA_015158675.1_ASM1515867v1_genomic	4829855	4376314	21701	30	365	420126	11349
GCA_015158695.1_ASM1515869v1_genomic	4829855	4338300	60826	31	381	420126	10222
GCA_015158705.1_ASM1515870v1_genomic	4829855	4375388	21220	31	402	420126	12719
GCA_015158715.1_ASM1515871v1_genomic	4829855	4376919	21832	31	367	420126	10611
GCA_015158755.1_ASM1515875v1_genomic	4829855	4274381	118817	32	364	420126	16167
GCA_015158765.1_ASM1515876v1_genomic	4829855	4279261	119093	31	387	420126	10988
GCA_015158795.1_ASM1515879v1_genomic	4829855	4374885	21208	32	400	420126	13236
GCA_015158805.1_ASM1515880v1_genomic	4829855	4373982	22971	30	377	420126	12399
GCA_015158815.1_ASM1515881v1_genomic	4829855	4376905	21259	31	478	420126	11087
GCA_015158845.1_ASM1515884v1_genomic	4829855	4273615	119523	31	378	420126	16213
GCA_015158875.1_ASM1515887v1_genomic	4829855	4377274	21317	32	375	420126	10763
GCA_015158895.1_ASM1515889v1_genomic	4829855	4375192	21204	31	398	420126	12935
GCA_015158905.1_ASM1515890v1_genomic	4829855	4270169	122664	33	370	420126	16526
GCA_015158935.1_ASM1515893v1_genomic	4829855	4376232	22178	30	413	420126	10906
GCA_015158945.1_ASM1515894v1_genomic	4829855	4376961	21217	32	343	420126	11208
GCA_015158955.1_ASM1515895v1_genomic	4829855	4292009	78696	34	419	420126	38605
GCA_015158995.1_ASM1515899v1_genomic	4829855	4377331	21202	32	398	420126	10798
GCA_015159005.1_ASM1515900v1_genomic	4829855	4277698	118518	33	357	420126	13156
GCA_015159035.1_ASM1515903v1_genomic	4829855	4373775	21956	32	374	420126	13624
GCA_015159045.1_ASM1515904v1_genomic	4829855	4364093	25961	29	374	420126	19301
GCA_015159075.1_ASM1515907v1_genomic	4829855	4280119	118534	32	392	420126	10684
GCA_015159085.1_ASM1515908v1_genomic	4829855	4277700	118776	32	427	420126	12826
GCA_015159105.1_ASM1515910v1_genomic	4829855	4376301	21648	32	423	420126	11357
GCA_015159135.1_ASM1515913v1_genomic	4829855	4375003	21289	32	338	420126	13099
GCA_015159145.1_ASM1515914v1_genomic	4829855	4377339	21264	32	402	420126	10724
GCA_015159175.1_ASM1515917v1_genomic	4829855	4374598	21780	32	447	420126	12904
GCA_015159195.1_ASM1515919v1_genomic	4829855	4371414	21900	32	372	420126	16043
GCA_015159615.1_ASM1515961v1_genomic	4829855	4208196	190459	49	584	420126	10490
GCA_015190655.1_ASM1519065v1_genomic	4829855	4377172	21136	32	421	420126	11000
GCA_015274685.1_ASM1527468v1_genomic	4829855	4371758	10042	29	433	420126	27496
GCA_015274715.1_ASM1527471v1_genomic	4829855	4362383	9641	31	431	420126	37274
GCA_015274745.1_ASM1527474v1_genomic	4829855	4369359	9571	29	335	420126	30464
GCA_015350425.1_ASM1535042v1_genomic	4829855	4317508	48157	45	561	420126	43503
GCA_015350435.1_ASM1535043v1_genomic	4829855	4218499	151680	44	516	420126	39034
GCA_015350455.1_ASM1535045v1_genomic	4829855	4235871	135964	44	523	420126	37371
GCA_016102545.1_ASM1610254v1_genomic	4829855	4334355	36401	43	612	420126	38361
GCA_016102555.1_ASM1610255v1_genomic	4829855	4208534	72772	59	614	420126	127809
GCA_016102565.1_ASM1610256v1_genomic	4829855	4134703	242088	79	520	420126	32418
GCA_016102575.1_ASM1610257v1_genomic	4829855	4235464	143844	37	465	420126	29956
GCA_016102585.1_ASM1610258v1_genomic	4829855	4344460	34173	40	488	420126	30608
GCA_016102645.1_ASM1610264v1_genomic	4829855	4269248	103584	42	571	420126	36326
GCA_016102655.1_ASM1610265v1_genomic	4829855	4182182	197650	41	562	420126	29335
GCA_016102665.1_ASM1610266v1_genomic	4829855	4312579	38844	69	545	420126	57761
GCA_016102675.1_ASM1610267v1_genomic	4829855	4343053	34456	40	596	420126	31624
GCA_016102685.1_ASM1610268v1_genomic	4829855	4312555	48574	73	595	420126	48005
GCA_016102745.1_ASM1610274v1_genomic	4829855	4305765	48792	39	570	420126	54602
GCA_016102755.1_ASM1610275v1_genomic	4829855	4322589	38375	38	550	420126	48215
GCA_016102765.1_ASM1610276v1_genomic	4829855	4340950	35773	39	485	420126	32521
GCA_016102775.1_ASM1610277v1_genomic	4829855	4333513	37831	41	633	420126	37752
GCA_016102785.1_ASM1610278v1_genomic	4829855	4301819	46780	40	502	420126	60628
GCA_016102845.1_ASM1610284v1_genomic	4829855	4339356	34545	39	552	420126	35276
GCA_016102855.1_ASM1610285v1_genomic	4829855	4332558	36405	39	552	420126	40214
GCA_016102875.1_ASM1610287v1_genomic	4829855	4300990	60400	39	545	420126	47794
GCA_016102905.1_ASM1610290v1_genomic	4829855	4342844	34308	39	514	420126	32063
GCA_016102915.1_ASM1610291v1_genomic	4829855	4246491	131403	40	613	420126	31222
GCA_016102945.1_ASM1610294v1_genomic	4829855	4343412	34702	39	516	420126	31099
GCA_016102965.1_ASM1610296v1_genomic	4829855	4292976	83429	41	603	420126	32721
GCA_016102975.1_ASM1610297v1_genomic	4829855	4296110	65770	39	611	420126	47238
GCA_016103005.1_ASM1610300v1_genomic	4829855	4242640	132152	40	557	420126	34380
GCA_900460465.1_57940_B01_genomic	4829855	4304370	101136	7	623	420126	3600
GCA_900637475.1_51108_B01_genomic	4829855	4024778	328514	3482	1531	420126	54906
SAMEA104233046	4829855	3849575	60534	56	27044	420126	472576
SAMEA104233047	4829855	3486604	138740	48	5261	420126	779124
SAMEA104233048	4829855	3605953	167646	54	2229	420126	633901
SAMEA104233049	4829855	4330935	62839	43	3095	420126	12860
SAMEA104488961	4829855	4380010	12742	15	5449	420126	11528
SAMEA1061800	4829855	4311470	10766	14	24144	420126	63349
SAMEA3541826	4829855	4030955	124199	71	17702	420126	236873
SAMEA3541827	4829855	4182213	31191	28	177189	420126	19136
SAMEA3713711	4829855	4098307	204436	17	4349	420126	102637
SAMEA3713712	4829855	4165653	203143	17	8912	420126	32021
SAMEA3713713	4829855	4184511	181861	18	5037	420126	38320
SAMEA3713714	4829855	4062542	208475	16	2784	420126	135928
SAMEA3713715	4829855	4171320	187397	15	8927	420126	42085
SAMEA3937653	4829855	4173669	123916	3	1414	420126	110730
SAMEA3937654	4829855	4258328	107108	3	1202	420126	43091
SAMEA4354665	4829855	4276992	92172	13	2530	420126	38035
SAMEA5054089	4829855	4238348	9029	3	159837	420126	2515
SAMEA5054090	4829855	4260793	9679	3	124600	420126	14657
SAMEA5054092	4829855	4243967	23863	3	77137	420126	64762
SAMEA5054093	4829855	3462344	209785	2	36330	420126	701270
SAMEA5661360	4829855	3919771	146546	5	1066	420126	342346
SAMEA5661363	4829855	4387085	12799	4	2272	420126	7573
SAMEA5661364	4829855	3466802	149310	4	1991	420126	791626
SAMEA5661365	4829855	3996604	57083	3	876	420126	355166
SAMEA5661367	4829855	4233173	105776	6	1255	420126	69525
SAMEA5661372	4829855	3968273	205861	5	2576	420126	233019
SAMEA5661384	4829855	3913033	147314	3	1950	420126	347432
SAMEA5661385	4829855	3831932	90929	3	3243	420126	483625
SAMEA5661389	4829855	3996599	95505	4	1084	420126	316541
SAMEA5661390	4829855	3393836	165368	4	2091	420126	848434
SAMEA5818798	4829855	4183700	97557	6	1173	420126	127299
SAMEA5818799	4829855	4303210	73670	6	1313	420126	31536
SAMEA5818800	4829855	4338926	63596	6	845	420126	6362
SAMEA5818801	4829855	4254782	86616	6	3472	420126	64859
SAMEA5818803	4829855	4351270	22140	3	2542	420126	33777
SAMEA5818805	4829855	4307277	27591	2	2863	420126	71998
SAMEA5818806	4829855	4349541	21386	0	2085	420126	36717
SAMEA5818808	4829855	3721786	195476	2	1695	420126	490772
SAMEA5818809	4829855	4234969	71403	0	2292	420126	101065
SAMEA5818811	4829855	3820230	163163	0	682	420126	425654
SAMEA5818815	4829855	4360218	19835	3	2002	420126	27674
SAMEA5818817	4829855	4213816	41650	1	1461	420126	152802
SAMEA5818818	4829855	4138642	90682	4	1148	420126	179257
SAMEA5818821	4829855	4194823	84425	4	1096	420126	129385
SAMEA5818822	4829855	3965196	160939	4	1471	420126	282123
SAMEA5818825	4829855	3916369	152820	4	788	420126	339752
SAMEA5818826	4829855	4352282	29574	4	855	420126	27018
SAMEA5818828	4829855	4206043	81600	4	1334	420126	120752
SAMEA5818829	4829855	4283721	53203	4	1461	420126	71344
SAMEA5818830	4829855	4246863	65809	4	2494	420126	94563
SAMEA6637002	4829855	4382258	15887	2	1128	420126	10456
SAMEA6637004	4829855	4295999	34378	2	921	420126	78431
SAMEA6651390	4829855	4347499	23816	2	1814	420126	36600
SAMEA6812876	4829855	3901695	121322	8	2030	420126	384682
SAMEA6812877	4829855	4205994	74381	8	1319	420126	128035
SAMEA7293135	4829855	4316875	63479	6	13791	420126	15584
SAMEA7293136	4829855	3989618	102564	0	21372	420126	296175
SAMEA7313236_38	4829855	4216235	86553	5	74389	420126	32552
SAMEA7313243_45	4829855	3602564	146443	3	10803	420126	649919
SAMEA7313246_49	4829855	4396294	11849	1	1564	420126	22
SAMN00715800	4829855	4182840	68075	0	2011	420126	156803
Reference	4829855	4409729	0	0	0	420126	0
