ID	LENGTH	ALIGNED	UNALIGNED	VARIANT	HET	MASKED	LOWCOV
GCA_000006645.1_ASM664v1_genomic	4829855	4318754	101994	232	557	398113	10437
GCA_000007885.1_ASM788v1_genomic	4829855	4359788	51441	438	723	398113	19790
GCA_000013825.1_ASM1382v1_genomic	4829855	4380936	33207	194	361	398113	17238
GCA_000022805.1_ASM2280v1_genomic	4829855	4416866	8818	153	390	398113	5668
GCA_000022825.1_ASM2282v1_genomic	4829855	4415272	9131	181	281	398113	7058
GCA_000022845.1_ASM2284v1_genomic	4829855	4277742	148395	75	303	398113	5302
GCA_000168235.2_ASM16823v2_genomic	4829855	4398034	23343	59	307	398113	10058
GCA_000169615.1_ASM16961v1_genomic	4829855	4274097	136013	192	478	398113	21154
GCA_000169635.1_ASM16963v1_genomic	4829855	4411758	14942	72	301	398113	4741
GCA_000169655.1_ASM16965v1_genomic	4829855	4268755	146685	170	599	398113	15703
GCA_000169675.1_ASM16967v1_genomic	4829855	4392856	26417	128	413	398113	12056
GCA_000170275.1_ASM17027v1_genomic	4829855	4390883	30331	54	343	398113	10185
GCA_000181455.2_ASM18145v2_genomic	4829855	4427526	1586	28	127	398113	2503
GCA_000182485.1_ASM18248v1_genomic	4829855	4234914	184925	177	420	398113	11483
GCA_000182505.1_ASM18250v1_genomic	4829855	4322801	104786	45	310	398113	3845
GCA_000182525.1_ASM18252v1_genomic	4829855	4358896	68495	64	225	398113	4126
GCA_000182705.1_ASM18270v1_genomic	4829855	4286843	132476	209	545	398113	11878
GCA_000255735.1_ASM25573v1_genomic	4829855	4388280	13416	22	113	398113	29933
GCA_000255755.1_ASM25575v1_genomic	4829855	4390442	5204	32	52	398113	36044
GCA_000255775.1_ASM25577v1_genomic	4829855	4394080	4963	24	41	398113	32658
GCA_000255795.1_ASM25579v1_genomic	4829855	4378328	10815	25	38	398113	42561
GCA_000255815.1_ASM25581v1_genomic	4829855	4337636	63706	27	54	398113	30346
GCA_000255835.1_ASM25583v1_genomic	4829855	4388697	6327	31	61	398113	36657
GCA_000255855.1_ASM25585v1_genomic	4829855	4395006	817	35	16	398113	35903
GCA_000255875.1_ASM25587v1_genomic	4829855	4391768	5676	33	19	398113	34279
GCA_000255895.1_ASM25589v1_genomic	4829855	4399813	616	32	22	398113	31291
GCA_000268325.1_ASM26832v1_genomic	4829855	4347218	13153	65	150	398113	71221
GCA_000268345.1_ASM26834v1_genomic	4829855	4371738	8950	58	152	398113	50902
GCA_000268365.1_ASM26836v1_genomic	4829855	4361326	14808	45	90	398113	55518
GCA_000268385.1_ASM26838v1_genomic	4829855	4371734	12456	49	112	398113	47440
GCA_000268405.1_ASM26840v1_genomic	4829855	4359898	13567	46	117	398113	58160
GCA_000268425.1_ASM26842v1_genomic	4829855	4352093	18198	43	91	398113	61360
GCA_000268445.1_ASM26844v1_genomic	4829855	4358222	14429	44	81	398113	59010
GCA_000268465.1_ASM26846v1_genomic	4829855	4351807	14278	46	107	398113	65550
GCA_000268485.1_ASM26848v1_genomic	4829855	4258815	81677	42	127	398113	91123
GCA_000268485.2_ASM26848v2_genomic	4829855	4258815	81677	42	127	398113	91123
GCA_000268505.1_ASM26850v1_genomic	4829855	4362506	17850	48	114	398113	51272
GCA_000268525.1_ASM26852v1_genomic	4829855	4189555	180049	32	61	398113	62077
GCA_000268545.1_ASM26854v1_genomic	4829855	4354290	12359	50	178	398113	64915
GCA_000268565.1_ASM26856v1_genomic	4829855	4309540	20098	51	163	398113	101941
GCA_000268585.1_ASM26858v1_genomic	4829855	4357328	16537	45	132	398113	57745
GCA_000268605.1_ASM26860v1_genomic	4829855	4337243	20955	42	94	398113	73450
GCA_000268625.1_ASM26862v1_genomic	4829855	4367218	13099	43	103	398113	51322
GCA_000268645.1_ASM26864v1_genomic	4829855	4363422	13687	47	106	398113	54527
GCA_000268665.1_ASM26866v1_genomic	4829855	4352320	15948	45	130	398113	63344
GCA_000268685.1_ASM26868v1_genomic	4829855	4380826	6954	47	200	398113	43762
GCA_000268705.1_ASM26870v1_genomic	4829855	4347893	20246	44	132	398113	63471
GCA_000268725.1_ASM26872v1_genomic	4829855	4357866	17627	46	112	398113	56137
GCA_000268725.2_ASM26872v2_genomic	4829855	4357866	17627	46	112	398113	56137
GCA_000268745.1_ASM26874v1_genomic	4829855	4370266	13254	48	109	398113	48113
GCA_000268765.1_ASM26876v1_genomic	4829855	4337858	26083	46	130	398113	67671
GCA_000268785.1_ASM26878v1_genomic	4829855	4315466	32349	50	151	398113	83776
GCA_000268805.1_ASM26880v1_genomic	4829855	4157801	73517	46	129	398113	200295
GCA_000268805.2_ASM26880v2_genomic	4829855	4157801	73517	46	129	398113	200295
GCA_000268825.1_ASM26882v1_genomic	4829855	4372548	11999	45	134	398113	47061
GCA_000268845.1_ASM26884v1_genomic	4829855	4329854	27965	42	104	398113	73819
GCA_000268865.1_ASM26886v1_genomic	4829855	4271256	50679	48	159	398113	109648
GCA_000268865.2_ASM26886v2_genomic	4829855	4271256	50679	48	159	398113	109648
GCA_000268885.1_ASM26888v1_genomic	4829855	4342639	22983	45	127	398113	65993
GCA_000268905.1_ASM26890v1_genomic	4829855	4362257	12742	42	140	398113	56603
GCA_000268925.1_ASM26892v1_genomic	4829855	4359575	17021	50	134	398113	55012
GCA_000268945.1_ASM26894v1_genomic	4829855	4275356	27270	44	117	398113	128999
GCA_000268965.1_ASM26896v1_genomic	4829855	4364160	14853	47	144	398113	52585
GCA_000268985.1_ASM26898v1_genomic	4829855	4208958	171684	30	54	398113	51046
GCA_000269005.1_ASM26900v1_genomic	4829855	4191062	177998	29	63	398113	62619
GCA_000269025.1_ASM26902v1_genomic	4829855	4212158	171134	28	76	398113	48374
GCA_000269045.1_ASM26904v1_genomic	4829855	4339171	15222	49	99	398113	77250
GCA_000269065.1_ASM26906v1_genomic	4829855	4362084	16654	50	142	398113	52862
GCA_000269085.1_ASM26908v1_genomic	4829855	4357281	16185	43	107	398113	58169
GCA_000269105.1_ASM26910v1_genomic	4829855	4355621	14649	45	124	398113	61348
GCA_000269125.1_ASM26912v1_genomic	4829855	4367129	13398	45	139	398113	51076
GCA_000269145.1_ASM26914v1_genomic	4829855	4352596	14764	43	118	398113	64264
GCA_000269165.1_ASM26916v1_genomic	4829855	4363504	14524	48	113	398113	53601
GCA_000269185.1_ASM26918v1_genomic	4829855	4356106	15304	44	130	398113	60202
GCA_000269205.1_ASM26920v1_genomic	4829855	4352793	25159	45	119	398113	53671
GCA_000269225.1_ASM26922v1_genomic	4829855	4344764	22867	44	128	398113	63983
GCA_000269245.1_ASM26924v1_genomic	4829855	4324475	37217	44	141	398113	69909
GCA_000269265.1_ASM26926v1_genomic	4829855	4340980	16540	42	119	398113	74103
GCA_000269285.1_ASM26928v1_genomic	4829855	4366588	13900	44	80	398113	51174
GCA_000269285.2_ASM26928v2_genomic	4829855	4366588	13900	44	80	398113	51174
GCA_000269305.1_ASM26930v1_genomic	4829855	4371673	12728	44	141	398113	47200
GCA_000269325.1_ASM26932v1_genomic	4829855	4354099	18187	44	99	398113	59357
GCA_000269345.1_ASM26934v1_genomic	4829855	4329256	19366	48	142	398113	82978
GCA_000269365.1_ASM26936v1_genomic	4829855	4360711	16938	44	113	398113	53980
GCA_000269385.1_ASM26938v1_genomic	4829855	4085525	139912	44	141	398113	206164
GCA_000269405.1_ASM26940v1_genomic	4829855	4330587	18846	44	150	398113	82159
GCA_000269425.1_ASM26942v1_genomic	4829855	4342814	18166	42	175	398113	70587
GCA_000269445.1_ASM26944v1_genomic	4829855	4373662	11518	46	122	398113	46440
GCA_000269465.1_ASM26946v1_genomic	4829855	4364253	15049	44	181	398113	52259
GCA_000269485.1_ASM26948v1_genomic	4829855	4214085	80196	45	130	398113	137331
GCA_000275685.1_ASM27568v1_genomic	4829855	4374123	35331	148	546	398113	21742
GCA_000311885.1_ASM31188v1_genomic	4829855	4270430	159070	42	0	398113	2242
GCA_000320425.1_ASM32042v1_genomic	4829855	4049189	199800	244	208	398113	182545
GCA_000320445.1_ASM32044v1_genomic	4829855	4104779	157549	120	128	398113	169286
GCA_000320465.1_ASM32046v1_genomic	4829855	4161352	151776	99	124	398113	118490
GCA_000323185.1_ASM32318v1_genomic	4829855	4123677	136136	172	105	398113	171824
GCA_000323205.1_ASM32320v1_genomic	4829855	4195780	77235	142	226	398113	158501
GCA_000323225.1_ASM32322v1_genomic	4829855	4229877	75304	141	281	398113	126280
GCA_000323245.1_ASM32324v1_genomic	4829855	3703072	233725	137	326	398113	494619
GCA_000323285.1_ASM32328v1_genomic	4829855	4286200	40650	50	93	398113	104799
GCA_000323305.1_ASM32330v1_genomic	4829855	4055678	199817	105	99	398113	176148
GCA_000323325.1_ASM32332v1_genomic	4829855	4148221	81187	105	113	398113	202221
GCA_000323345.1_ASM32334v1_genomic	4829855	4025523	181188	106	113	398113	224918
GCA_000323365.1_ASM32336v1_genomic	4829855	4228001	63934	130	135	398113	139672
GCA_000323385.1_ASM32338v1_genomic	4829855	3978482	100217	86	105	398113	352938
GCA_000323405.1_ASM32340v1_genomic	4829855	4203864	80657	82	92	398113	147129
GCA_000323425.1_ASM32342v1_genomic	4829855	4177952	73256	143	130	398113	180404
GCA_000323445.1_ASM32344v1_genomic	4829855	4202064	70817	50	165	398113	158696
GCA_000323465.1_ASM32346v1_genomic	4829855	3969556	310986	111	147	398113	151053
GCA_000323485.1_ASM32348v1_genomic	4829855	4122036	126930	325	366	398113	182410
GCA_000323505.1_ASM32350v1_genomic	4829855	4279768	39310	78	108	398113	112556
GCA_000323525.1_ASM32352v1_genomic	4829855	4088491	94748	79	97	398113	248406
GCA_000323545.1_ASM32354v1_genomic	4829855	4144100	110284	46	100	398113	177258
GCA_000323565.1_ASM32356v1_genomic	4829855	4022543	235037	111	185	398113	173977
GCA_000323585.1_ASM32358v1_genomic	4829855	4143495	146251	107	175	398113	141821
GCA_000323605.1_ASM32360v1_genomic	4829855	4262117	50995	47	117	398113	118513
GCA_000323625.1_ASM32362v1_genomic	4829855	4078018	126202	185	144	398113	227378
GCA_000323645.1_ASM32364v1_genomic	4829855	4077551	211551	105	225	398113	142415
GCA_000323665.1_ASM32366v1_genomic	4829855	3876682	344793	132	158	398113	210109
GCA_000323685.1_ASM32368v1_genomic	4829855	4047962	203111	48	121	398113	180548
GCA_000323705.1_ASM32370v1_genomic	4829855	4232760	70959	78	106	398113	127917
GCA_000323725.1_ASM32372v1_genomic	4829855	3995370	181167	103	172	398113	255033
GCA_000323745.1_ASM32374v1_genomic	4829855	3928045	261751	47	75	398113	241871
GCA_000323765.1_ASM32376v1_genomic	4829855	4250061	26311	74	91	398113	155279
GCA_000323785.1_ASM32378v1_genomic	4829855	4257217	33339	47	64	398113	141122
GCA_000323805.1_ASM32380v1_genomic	4829855	4152847	73376	44	179	398113	205340
GCA_000323825.1_ASM32382v1_genomic	4829855	4069486	192348	43	129	398113	169779
GCA_000323845.1_ASM32384v1_genomic	4829855	4041759	144287	288	120	398113	245576
GCA_000323865.1_ASM32386v1_genomic	4829855	4040167	162549	43	160	398113	228866
GCA_000323885.1_ASM32388v1_genomic	4829855	4155998	119373	46	120	398113	156251
GCA_000323905.1_ASM32390v1_genomic	4829855	4108980	91639	95	124	398113	230999
GCA_000323925.1_ASM32392v1_genomic	4829855	4082242	151469	91	94	398113	197937
GCA_000323945.1_ASM32394v1_genomic	4829855	3787836	107693	104	181	398113	536032
GCA_000323965.1_ASM32396v1_genomic	4829855	4108777	148437	37	100	398113	174428
GCA_000323985.1_ASM32398v1_genomic	4829855	3821261	320999	24	49	398113	289433
GCA_000324005.1_ASM32400v1_genomic	4829855	4024980	237541	89	314	398113	168907
GCA_000324025.1_ASM32402v1_genomic	4829855	4249592	61921	86	263	398113	119966
GCA_000324045.1_ASM32404v1_genomic	4829855	4080513	104004	164	322	398113	246903
GCA_000324065.1_ASM32406v1_genomic	4829855	3873811	323242	61	59	398113	234630
GCA_000324085.1_ASM32408v1_genomic	4829855	3913915	272236	34	90	398113	245501
GCA_000324105.1_ASM32410v1_genomic	4829855	4017157	212452	37	102	398113	202031
GCA_000324125.1_ASM32412v1_genomic	4829855	4158075	83014	76	126	398113	190527
GCA_000324145.1_ASM32414v1_genomic	4829855	4257283	45563	75	101	398113	128795
GCA_000324165.1_ASM32416v1_genomic	4829855	4170517	95545	57	85	398113	165595
GCA_000324185.1_ASM32418v1_genomic	4829855	4125399	137489	100	66	398113	168788
GCA_000324205.1_ASM32420v1_genomic	4829855	4199562	61169	103	122	398113	170889
GCA_000324225.1_ASM32422v1_genomic	4829855	4263944	46144	95	112	398113	121542
GCA_000324245.1_ASM32424v1_genomic	4829855	4091633	159056	77	156	398113	180897
GCA_000324265.1_ASM32426v1_genomic	4829855	4061730	219374	84	152	398113	150486
GCA_000324285.1_ASM32428v1_genomic	4829855	3915052	266999	32	146	398113	249545
GCA_000324305.1_ASM32430v1_genomic	4829855	4014610	234818	79	175	398113	182139
GCA_000324325.1_ASM32432v1_genomic	4829855	3802455	323557	58	73	398113	305657
GCA_000324345.1_ASM32434v1_genomic	4829855	4150330	158563	97	169	398113	122680
GCA_000324365.1_ASM32436v1_genomic	4829855	4176055	85221	34	80	398113	170386
GCA_000324385.1_ASM32438v1_genomic	4829855	3853067	140940	33	135	398113	437600
GCA_000324405.1_ASM32440v1_genomic	4829855	4214441	29976	38	124	398113	187201
GCA_000324425.1_ASM32442v1_genomic	4829855	4258684	46810	25	71	398113	126177
GCA_000324445.1_ASM32444v1_genomic	4829855	4012942	240311	76	219	398113	178270
GCA_000324465.1_ASM32446v1_genomic	4829855	4102547	164701	148	326	398113	164168
GCA_000324485.1_ASM32448v1_genomic	4829855	3863273	312548	78	211	398113	255710
GCA_000324505.1_ASM32450v1_genomic	4829855	4033919	197309	70	130	398113	200384
GCA_000324525.1_ASM32452v1_genomic	4829855	4195404	71758	153	338	398113	164242
GCA_000324545.1_ASM32454v1_genomic	4829855	3959670	240056	70	93	398113	231923
GCA_000324565.1_ASM32456v1_genomic	4829855	4224467	66083	69	108	398113	141084
GCA_000324585.1_ASM32458v1_genomic	4829855	3891866	271066	69	133	398113	268677
GCA_000324605.1_ASM32460v1_genomic	4829855	4050133	169424	78	251	398113	211934
GCA_000324625.1_ASM32462v1_genomic	4829855	4167864	28200	29	64	398113	235614
GCA_000324645.1_ASM32464v1_genomic	4829855	3954325	246787	23	46	398113	230584
GCA_000324665.1_ASM32466v1_genomic	4829855	4118408	148978	134	287	398113	164069
GCA_000324685.1_ASM32468v1_genomic	4829855	4112065	162376	32	140	398113	157161
GCA_000324705.1_ASM32470v1_genomic	4829855	4036677	135544	28	147	398113	259374
GCA_000324725.1_ASM32472v1_genomic	4829855	4157160	136056	29	113	398113	138413
GCA_000324745.1_ASM32474v1_genomic	4829855	4168961	60644	28	170	398113	201967
GCA_000324765.1_ASM32476v1_genomic	4829855	4072197	166230	28	100	398113	193215
GCA_000324785.1_ASM32478v1_genomic	4829855	4253067	32749	29	88	398113	145838
GCA_000324805.2_EV76-CN_genomic	4829855	4120556	233557	18	373	398113	77256
GCA_000324825.1_ASM32482v1_genomic	4829855	4103638	99167	23	54	398113	228883
GCA_000324845.1_ASM32484v1_genomic	4829855	4235135	26662	31	98	398113	169847
GCA_000324865.1_ASM32486v1_genomic	4829855	3957632	229338	23	65	398113	244707
GCA_000324885.1_ASM32488v1_genomic	4829855	4230056	73594	62	137	398113	127955
GCA_000324905.1_ASM32490v1_genomic	4829855	4253478	63258	63	117	398113	114889
GCA_000324925.1_ASM32492v1_genomic	4829855	4021161	268584	234	207	398113	141790
GCA_000324945.1_ASM32494v1_genomic	4829855	3830242	376464	69	122	398113	224914
GCA_000324965.1_ASM32496v1_genomic	4829855	4172056	111298	61	180	398113	148208
GCA_000324985.1_ASM32498v1_genomic	4829855	4048769	183151	65	120	398113	199702
GCA_000325005.1_ASM32500v1_genomic	4829855	4162992	72264	66	222	398113	196264
GCA_000325025.1_ASM32502v1_genomic	4829855	4081969	152311	70	285	398113	197177
GCA_000325045.1_ASM32504v1_genomic	4829855	3991005	240914	71	249	398113	199574
GCA_000325065.1_ASM32506v1_genomic	4829855	4141119	86009	71	293	398113	204321
GCA_000325085.1_ASM32508v1_genomic	4829855	4103429	57832	70	207	398113	270274
GCA_000325105.1_ASM32510v1_genomic	4829855	4104383	145637	65	240	398113	181482
GCA_000325125.1_ASM32512v1_genomic	4829855	4210001	40934	63	249	398113	180558
GCA_000325165.1_ASM32516v1_genomic	4829855	4051820	178116	31	101	398113	201705
GCA_000325185.1_ASM32518v1_genomic	4829855	4094845	144998	117	302	398113	191597
GCA_000325205.1_ASM32520v1_genomic	4829855	4238216	66113	55	145	398113	127268
GCA_000325225.1_ASM32522v1_genomic	4829855	4059980	174401	57	57	398113	197304
GCA_000325245.1_ASM32524v1_genomic	4829855	4112379	125643	58	147	398113	193573
GCA_000325265.1_ASM32526v1_genomic	4829855	4032125	241120	54	148	398113	158349
GCA_000325285.1_ASM32528v1_genomic	4829855	3965282	248309	57	129	398113	218022
GCA_000325305.1_ASM32530v1_genomic	4829855	4121892	137589	55	104	398113	172157
GCA_000325325.1_ASM32532v1_genomic	4829855	4043404	194065	69	257	398113	194016
GCA_000325345.1_ASM32534v1_genomic	4829855	3992922	207193	70	230	398113	231397
GCA_000325365.1_ASM32536v1_genomic	4829855	4107035	94013	27	110	398113	230584
GCA_000325385.1_ASM32538v1_genomic	4829855	3836929	264400	26	95	398113	330318
GCA_000325405.1_ASM32540v1_genomic	4829855	3887379	277222	22	61	398113	267080
GCA_000325425.1_ASM32542v1_genomic	4829855	4262169	39132	19	88	398113	130353
GCA_000325445.1_ASM32544v1_genomic	4829855	3968632	250926	19	66	398113	212118
GCA_000325465.1_ASM32546v1_genomic	4829855	4225252	28049	26	102	398113	178339
GCA_000325485.1_ASM32548v1_genomic	4829855	3872231	346230	20	29	398113	213252
GCA_000382505.1_Yersinia_pestis_G1670E_assembly_genomic	4829855	4290344	97799	203	685	398113	42914
GCA_000382525.1_Yersinia_pestis_G3768_assembly_genomic	4829855	4286103	94259	193	604	398113	50776
GCA_000382545.1_Yersinia_pestis_assembly_genomic	4829855	4297728	90238	196	628	398113	43148
GCA_000475095.2_YP009_v2_genomic	4829855	4266191	150836	30	0	398113	14715
GCA_000475115.2_YP113_v2_genomic	4829855	4329335	90071	20	1	398113	12335
GCA_000475135.2_YPS03_v2_genomic	4829855	4414493	720	82	0	398113	16529
GCA_000475155.2_YP24H_v2_genomic	4829855	4266387	150776	29	0	398113	14579
GCA_000590535.1_EV_NIIEG_genomic	4829855	4265667	123161	18	181	398113	42733
GCA_000590535.2_ASM59053v2_genomic	4829855	4155985	271755	15	204	398113	3798
GCA_000705315.1_EDB10_058v1_genomic	4829855	4341821	16456	10	135	398113	73330
GCA_000734805.1_ASM73480v1_genomic	4829855	4349984	33199	43	402	398113	48157
GCA_000834275.1_ASM83427v1_genomic	4829855	4298423	121706	121	391	398113	11222
GCA_000834335.1_ASM83433v1_genomic	4829855	4429491	255	7	86	398113	1910
GCA_000834495.1_ASM83449v1_genomic	4829855	4429093	193	8	23	398113	2433
GCA_000834755.1_ASM83475v1_genomic	4829855	4270775	158038	13	138	398113	2791
GCA_000834775.1_ASM83477v1_genomic	4829855	4382074	48051	7	38	398113	1579
GCA_000834885.1_ASM83488v1_genomic	4829855	4291261	128314	120	418	398113	11749
GCA_000834905.1_ASM83490v1_genomic	4829855	4338612	89243	20	273	398113	3614
GCA_000835005.1_ASM83500v1_genomic	4829855	3926952	480799	78	448	398113	23543
GCA_000950945.1_ASM95094v1_genomic	4829855	4361638	19928	121	567	398113	49609
GCA_000970105.1_ASM97010v1_genomic	4829855	4385479	34493	69	576	398113	11194
GCA_000986995.1_YPES001-SEQ-2-ASM-1_genomic	4829855	4315758	103441	19	396	398113	12147
GCA_001188325.1_YPY_1_genomic	4829855	4320659	87674	171	615	398113	22794
GCA_001188335.1_DYA_1_genomic	4829855	4320194	88979	174	706	398113	21863
GCA_001188675.1_ASM118867v1_genomic	4829855	4375507	45986	39	473	398113	9776
GCA_001188695.1_ASM118869v1_genomic	4829855	4319611	88616	170	591	398113	22924
GCA_001188715.1_ASM118871v1_genomic	4829855	4322824	87160	171	716	398113	21042
GCA_001188735.1_ASM118873v1_genomic	4829855	4287746	131971	64	585	398113	11440
GCA_001188755.1_ASM118875v1_genomic	4829855	4265116	144481	167	766	398113	21379
GCA_001188775.1_ASM118877v1_genomic	4829855	4320450	88667	170	721	398113	21904
GCA_001188795.1_ASM118879v1_genomic	4829855	4319213	88135	167	698	398113	23696
GCA_001188815.1_ASM118881v1_genomic	4829855	4287623	131817	62	730	398113	11572
GCA_001188935.1_ASM118893v1_genomic	4829855	4319899	88559	169	631	398113	22653
GCA_001261975.1_YPW_8_IHQD_genomic	4829855	4358154	62602	62	497	398113	10489
GCA_001261985.1_YPW_3_IHQD_genomic	4829855	4317883	109816	13	426	398113	3617
GCA_001294805.1_ASM129480v1_genomic	4829855	4343005	50659	97	885	398113	37193
GCA_001294815.1_ASM129481v1_genomic	4829855	4304814	88501	168	705	398113	37722
GCA_001294825.1_ASM129482v1_genomic	4829855	4268212	125749	151	693	398113	37088
GCA_001294885.1_ASM129488v1_genomic	4829855	4291351	104218	119	759	398113	35414
GCA_001294905.1_ASM129490v1_genomic	4829855	4307899	87151	165	716	398113	35976
GCA_001294915.1_ASM129491v1_genomic	4829855	4304926	88621	166	749	398113	37446
GCA_001294965.1_ASM129496v1_genomic	4829855	4328375	65730	97	779	398113	36858
GCA_001294975.1_ASM129497v1_genomic	4829855	4340932	47721	104	591	398113	42498
GCA_001294985.1_ASM129498v1_genomic	4829855	4308656	87338	163	603	398113	35145
GCA_001295025.1_ASM129502v1_genomic	4829855	4380922	18663	98	659	398113	31498
GCA_001295045.1_ASM129504v1_genomic	4829855	4308226	88708	165	654	398113	34154
GCA_001295055.1_ASM129505v1_genomic	4829855	4307805	86957	165	854	398113	36126
GCA_001295065.1_ASM129506v1_genomic	4829855	4303189	87455	163	647	398113	40451
GCA_001295105.1_ASM129510v1_genomic	4829855	4303871	87165	165	591	398113	40115
GCA_001295115.1_ASM129511v1_genomic	4829855	4349238	45744	99	651	398113	36109
GCA_001295145.1_ASM129514v1_genomic	4829855	4285445	110818	108	586	398113	34893
GCA_001295185.1_ASM129518v1_genomic	4829855	4292310	93938	165	461	398113	45033
GCA_001487065.1_Yersinia_pestis_genomic	4829855	4245980	172386	27	0	398113	13376
GCA_001509855.1_ASM150985v1_genomic	4829855	4422308	6193	9	45	398113	3196
GCA_001509865.1_ASM150986v1_genomic	4829855	4430073	17	7	76	398113	1576
GCA_001559935.1_ASM155993v1_genomic	4829855	4318920	47542	72	686	398113	64594
GCA_001595585.1_ASM159558v1_genomic	4829855	4350531	37328	60	585	398113	43298
GCA_001601285.1_ASM160128v1_genomic	4829855	4366046	24553	48	509	398113	40634
GCA_001601675.1_ASM160167v1_genomic	4829855	4231735	135951	176	585	398113	63471
GCA_001601735.1_ASM160173v1_genomic	4829855	4313043	55985	152	811	398113	61903
GCA_001613865.1_ASM161386v1_genomic	4829855	4237829	125288	120	582	398113	68043
GCA_001613885.1_ASM161388v1_genomic	4829855	4339841	38065	55	635	398113	53201
GCA_001613895.1_ASM161389v1_genomic	4829855	4357793	36774	61	566	398113	36609
GCA_001617705.1_Yersinia_pestis_C-791_genomic	4829855	4351138	37084	55	607	398113	42913
GCA_001617715.1_Yersinia_pestis_M-519_genomic	4829855	4353936	37640	72	486	398113	39680
GCA_001617725.1_Yersinia_pestis_M-1484_genomic	4829855	4277630	85688	72	615	398113	67809
GCA_001617735.1_Yersinia_pestis_M-1763_genomic	4829855	4344148	37510	63	574	398113	49510
GCA_001617785.1_Yersinia_pestis_M-549_genomic	4829855	4276839	109203	55	613	398113	45087
GCA_001617805.1_Yersinia_pestis_173_genomic	4829855	4339682	40791	55	551	398113	50718
GCA_001617815.1_Yersinia_pestis_M-1453_genomic	4829855	4244567	139903	63	489	398113	46783
GCA_001693595.1_ASM169359v1_genomic	4829855	4332597	97378	8	543	398113	1224
GCA_001972385.1_ASM197238v1_genomic	4829855	4280096	126182	184	595	398113	24869
GCA_001972395.1_ASM197239v1_genomic	4829855	4280490	126335	174	626	398113	24291
GCA_001972405.1_ASM197240v1_genomic	4829855	4234005	173963	175	531	398113	23243
GCA_001972465.1_ASM197246v1_genomic	4829855	4281417	125971	175	662	398113	23692
GCA_001972475.1_ASM197247v1_genomic	4829855	4366188	45510	108	588	398113	19456
GCA_001972515.1_ASM197251v1_genomic	4829855	4365327	46109	107	616	398113	19690
GCA_002005285.1_ASM200528v1_genomic	4829855	4415896	8939	48	637	398113	6270
GCA_002127355.1_ASM212735v1_genomic	4829855	4282588	125076	145	626	398113	23452
GCA_002127365.1_ASM212736v1_genomic	4829855	4282670	125262	153	665	398113	23145
GCA_002127375.1_ASM212737v1_genomic	4829855	4277371	131243	142	561	398113	22567
GCA_002165475.1_ASM216547v1_genomic	4829855	4282858	124669	157	615	398113	23600
GCA_002173795.1_ASM217379v1_genomic	4829855	4364571	45934	104	594	398113	20643
GCA_002173805.1_ASM217380v1_genomic	4829855	4362433	46297	139	621	398113	22391
GCA_002173815.1_ASM217381v1_genomic	4829855	4357740	53414	122	620	398113	19968
GCA_002188685.1_ASM218868v1_genomic	4829855	4364677	45441	103	777	398113	20847
GCA_002188725.1_ASM218872v1_genomic	4829855	4364178	45582	110	822	398113	21160
GCA_002188765.1_ASM218876v1_genomic	4829855	4342674	66866	128	788	398113	21414
GCA_002188775.1_ASM218877v1_genomic	4829855	4364587	45975	111	630	398113	20550
GCA_002412225.1_Y.pestis_A-1486_genomic	4829855	4298689	55815	32	453	398113	76785
GCA_002412235.1_Y.pestis_A-1249_genomic	4829855	4327588	53623	112	828	398113	49703
GCA_002412245.1_Y.pestis_A-1691_genomic	4829855	4355355	15508	36	343	398113	60536
GCA_002412255.1_Y.pestis_A-1836_genomic	4829855	4367792	16202	75	370	398113	47378
GCA_002412305.1_Y.pestis_A-1809_genomic	4829855	4323660	45434	85	685	398113	61963
GCA_002981895.1_ASM298189v1_genomic	4829855	4304880	108298	92	703	398113	17861
GCA_002981915.1_ASM298191v1_genomic	4829855	4394149	19300	98	521	398113	17772
GCA_002981925.1_ASM298192v1_genomic	4829855	4334697	78105	90	775	398113	18165
GCA_002981955.1_ASM298195v1_genomic	4829855	4334439	78112	101	687	398113	18504
GCA_002981995.1_ASM298199v1_genomic	4829855	4389677	22896	96	627	398113	18542
GCA_002993145.1_ASM299314v1_genomic	4829855	4307931	88700	149	763	398113	34348
GCA_003074155.1_ASM307415v1_genomic	4829855	4370422	22402	37	362	398113	38556
GCA_003074175.1_ASM307417v1_genomic	4829855	4322570	51571	87	971	398113	56630
GCA_003074195.1_ASM307419v1_genomic	4829855	4360592	27178	37	334	398113	43638
GCA_003074215.1_ASM307421v1_genomic	4829855	4375943	21192	37	367	398113	34240
GCA_003074235.1_ASM307423v1_genomic	4829855	4266202	120519	49	390	398113	44631
GCA_003074255.1_ASM307425v1_genomic	4829855	4369916	22359	37	330	398113	39137
GCA_003074275.1_ASM307427v1_genomic	4829855	4174058	150254	66	470	398113	106960
GCA_003074295.1_ASM307429v1_genomic	4829855	4335152	36908	52	687	398113	58995
GCA_003074315.1_ASM307431v1_genomic	4829855	4358690	13627	34	326	398113	59099
GCA_003074335.1_ASM307433v1_genomic	4829855	4358081	37705	53	591	398113	35365
GCA_003074355.1_ASM307435v1_genomic	4829855	4351103	37551	53	599	398113	42489
GCA_003074375.1_ASM307437v1_genomic	4829855	4358622	36708	55	571	398113	35841
GCA_003074395.1_ASM307439v1_genomic	4829855	4295835	88823	144	656	398113	46428
GCA_003074415.1_ASM307441v1_genomic	4829855	4303800	88228	143	656	398113	39058
GCA_003074435.1_ASM307443v1_genomic	4829855	4303596	88133	144	713	398113	39300
GCA_003074535.1_ASM307453v1_genomic	4829855	4294101	106849	35	376	398113	30416
GCA_003074595.1_ASM307459v1_genomic	4829855	4293353	106827	33	449	398113	31113
GCA_003085855.1_ASM308585v1_genomic	4829855	4347120	40146	53	522	398113	43954
GCA_003085875.1_ASM308587v1_genomic	4829855	4297218	87550	149	625	398113	46349
GCA_003085895.1_ASM308589v1_genomic	4829855	4329928	47871	86	685	398113	53258
GCA_003085915.1_ASM308591v1_genomic	4829855	4379775	21130	36	317	398113	30520
GCA_003085935.1_ASM308593v1_genomic	4829855	4300180	89791	144	708	398113	41063
GCA_003085955.1_ASM308595v1_genomic	4829855	4341754	48087	87	801	398113	41100
GCA_003085975.1_ASM308597v1_genomic	4829855	4271170	103509	52	700	398113	56363
GCA_003085995.1_ASM308599v1_genomic	4829855	4343297	41090	53	659	398113	46696
GCA_003086015.1_ASM308601v1_genomic	4829855	4250336	127393	36	464	398113	53549
GCA_003086035.1_ASM308603v1_genomic	4829855	4338687	46985	86	790	398113	45280
GCA_003086055.1_ASM308605v1_genomic	4829855	4353645	38690	52	580	398113	38827
GCA_003086075.1_ASM308607v1_genomic	4829855	4246375	63136	100	662	398113	121569
GCA_003086095.1_ASM308609v1_genomic	4829855	4347017	36336	52	1013	398113	47376
GCA_003086115.1_ASM308611v1_genomic	4829855	4318326	46451	101	689	398113	66276
GCA_003086155.1_ASM308615v1_genomic	4829855	4267271	104661	50	628	398113	59182
GCA_003122795.1_Y.pestis_I-2422_genomic	4829855	4341390	26109	89	528	398113	63715
GCA_003797205.1_ASM379720v1_genomic	4829855	4423115	3720	12	1246	398113	3661
GCA_003798085.1_ASM379808v1_genomic	4829855	4336842	89284	13	2406	398113	3210
GCA_003798225.1_ASM379822v1_genomic	4829855	4382039	31802	48	1138	398113	16763
GCA_004023585.1_ASM402358v1_genomic	4829855	4257057	135840	51	559	398113	38286
GCA_004023595.1_ASM402359v1_genomic	4829855	4337357	40149	51	509	398113	53727
GCA_006376415.1_ASM637641v1_genomic	4829855	4173672	222157	53	672	398113	35241
GCA_006376435.1_ASM637643v1_genomic	4829855	4355950	35989	50	611	398113	39192
GCA_006376475.1_ASM637647v1_genomic	4829855	4099947	290911	48	520	398113	40364
GCA_006376495.1_ASM637649v1_genomic	4829855	4195756	195498	51	545	398113	39943
GCA_006376505.1_ASM637650v1_genomic	4829855	4296524	92691	146	690	398113	41837
GCA_006376535.1_ASM637653v1_genomic	4829855	4149347	202282	67	1157	398113	78956
GCA_006376535.2_ASM637653v2_genomic	4829855	4216944	200889	90	557	398113	13352
GCA_006376545.1_ASM637654v1_genomic	4829855	4291809	91481	139	612	398113	47840
GCA_006376575.1_ASM637657v1_genomic	4829855	4209737	181052	46	516	398113	40437
GCA_006376585.1_ASM637658v1_genomic	4829855	4264696	126335	131	636	398113	40075
GCA_006517425.1_ASM651742v1_genomic	4829855	4378990	19711	88	574	398113	32467
GCA_006546665.1_ASM654666v1_genomic	4829855	4378185	18018	87	590	398113	34949
GCA_006546725.1_ASM654672v1_genomic	4829855	4379272	19505	87	487	398113	32478
GCA_006546745.1_ASM654674v1_genomic	4829855	4374313	18496	87	749	398113	38184
GCA_008630375.1_ASM863037v1_genomic	4829855	4243344	145460	101	28	398113	42910
GCA_008630375.2_ASM863037v2_genomic	4829855	4238043	151039	126	224	398113	42436
GCA_008630395.1_ASM863039v1_genomic	4829855	4345505	38854	47	562	398113	46821
GCA_008630415.1_ASM863041v1_genomic	4829855	4260504	126869	136	632	398113	43737
GCA_008630435.1_ASM863043v1_genomic	4829855	4233590	160248	62	490	398113	37414
GCA_008630455.1_ASM863045v1_genomic	4829855	4262232	126383	130	671	398113	42456
GCA_008630485.1_ASM863048v1_genomic	4829855	4230767	158257	49	644	398113	42074
GCA_008630575.1_ASM863057v1_genomic	4829855	4357523	35803	45	512	398113	37904
GCA_009295945.1_ASM929594v1_genomic	4829855	4316126	106515	30	293	398113	8808
GCA_009296005.1_ASM929600v1_genomic	4829855	4228773	191745	43	587	398113	10637
GCA_009363195.1_ASM936319v1_genomic	4829855	4393366	28737	31	391	398113	9248
GCA_009667885.1_ASM966788v1_genomic	4829855	4379520	23520	48	433	398113	28269
GCA_009667895.1_ASM966789v1_genomic	4829855	4388450	20109	46	483	398113	22700
GCA_009667925.1_ASM966792v1_genomic	4829855	4388390	20917	48	426	398113	22009
GCA_009667935.1_ASM966793v1_genomic	4829855	4388686	20103	49	450	398113	22503
GCA_009667945.1_ASM966794v1_genomic	4829855	4384735	20088	47	431	398113	26488
GCA_009667985.1_ASM966798v1_genomic	4829855	4381721	22725	47	403	398113	26893
GCA_009669545.1_ASM966954v1_genomic	4829855	4388102	20076	47	412	398113	23152
GCA_009669555.1_ASM966955v1_genomic	4829855	4382515	20165	47	561	398113	28501
GCA_009669565.1_ASM966956v1_genomic	4829855	4383641	20196	47	452	398113	27453
GCA_009669605.1_ASM966960v1_genomic	4829855	4388782	20068	47	438	398113	22454
GCA_009669625.1_ASM966962v1_genomic	4829855	4388537	20126	48	466	398113	22613
GCA_009669635.1_ASM966963v1_genomic	4829855	4381722	20084	49	515	398113	29421
GCA_009669665.1_ASM966966v1_genomic	4829855	4390209	20056	47	464	398113	21013
GCA_009669675.1_ASM966967v1_genomic	4829855	4387852	20080	49	467	398113	23343
GCA_009669705.1_ASM966970v1_genomic	4829855	4258072	149854	48	459	398113	23357
GCA_009669715.1_ASM966971v1_genomic	4829855	4381955	20214	48	491	398113	29082
GCA_009669725.1_ASM966972v1_genomic	4829855	4387439	20058	48	403	398113	23842
GCA_009669765.1_ASM966976v1_genomic	4829855	4388747	20089	47	448	398113	22458
GCA_009669775.1_ASM966977v1_genomic	4829855	4389763	20059	46	488	398113	21432
GCA_009669805.1_ASM966980v1_genomic	4829855	4388072	20120	47	409	398113	23141
GCA_009669825.1_ASM966982v1_genomic	4829855	4382107	20146	49	520	398113	28969
GCA_009669835.1_ASM966983v1_genomic	4829855	4386564	20115	47	390	398113	24673
GCA_009669845.1_ASM966984v1_genomic	4829855	4383055	20128	47	512	398113	28047
GCA_009669875.1_ASM966987v1_genomic	4829855	4388404	20060	47	434	398113	22844
GCA_009669905.1_ASM966990v1_genomic	4829855	4382583	20192	47	572	398113	28395
GCA_009669925.1_ASM966992v1_genomic	4829855	4389320	20058	47	479	398113	21885
GCA_009669935.1_ASM966993v1_genomic	4829855	4383383	20122	48	560	398113	27677
GCA_009669955.1_ASM966995v1_genomic	4829855	4382510	20199	47	473	398113	28560
GCA_009669975.1_ASM966997v1_genomic	4829855	4389529	20045	46	516	398113	21652
GCA_009670005.1_ASM967000v1_genomic	4829855	4388543	20073	47	394	398113	22732
GCA_009670015.1_ASM967001v1_genomic	4829855	4385834	20170	46	539	398113	25199
GCA_009670045.1_ASM967004v1_genomic	4829855	4388775	20084	48	452	398113	22431
GCA_009670055.1_ASM967005v1_genomic	4829855	4386456	20090	47	436	398113	24760
GCA_009670075.1_ASM967007v1_genomic	4829855	4385229	20200	46	449	398113	25864
GCA_009670105.1_ASM967010v1_genomic	4829855	4384859	20253	47	424	398113	26206
GCA_009670115.1_ASM967011v1_genomic	4829855	4359931	43154	47	451	398113	28206
GCA_009670135.1_ASM967013v1_genomic	4829855	4294420	109866	46	484	398113	26972
GCA_009670155.1_ASM967015v1_genomic	4829855	4269640	134943	46	392	398113	26767
GCA_009670185.1_ASM967018v1_genomic	4829855	4388647	20076	49	474	398113	22545
GCA_009670205.1_ASM967020v1_genomic	4829855	4386245	20167	47	408	398113	24922
GCA_009670225.1_ASM967022v1_genomic	4829855	4383667	20208	49	470	398113	27397
GCA_009670235.1_ASM967023v1_genomic	4829855	4380682	20374	48	546	398113	30140
GCA_009670245.1_ASM967024v1_genomic	4829855	4357478	44743	48	504	398113	29017
GCA_009670285.1_ASM967028v1_genomic	4829855	4384120	20112	48	486	398113	27024
GCA_009670305.1_ASM967030v1_genomic	4829855	4383511	20146	48	406	398113	27679
GCA_009670325.1_ASM967032v1_genomic	4829855	4389187	20060	47	421	398113	22074
GCA_009670345.1_ASM967034v1_genomic	4829855	4384306	20200	47	393	398113	26843
GCA_009670355.1_ASM967035v1_genomic	4829855	4276533	132705	48	454	398113	22050
GCA_009670385.1_ASM967038v1_genomic	4829855	4381971	20112	46	563	398113	29096
GCA_009670395.1_ASM967039v1_genomic	4829855	4383468	20220	47	483	398113	27571
GCA_009670415.1_ASM967041v1_genomic	4829855	4383829	20121	47	500	398113	27292
GCA_009670445.1_ASM967044v1_genomic	4829855	4387967	20134	47	455	398113	23186
GCA_009670465.1_ASM967046v1_genomic	4829855	4357806	50508	47	402	398113	23026
GCA_009670475.1_ASM967047v1_genomic	4829855	4386757	23288	48	554	398113	21143
GCA_009670485.1_ASM967048v1_genomic	4829855	4388855	20073	47	383	398113	22431
GCA_009670515.1_ASM967051v1_genomic	4829855	4388449	20103	48	438	398113	22752
GCA_009670545.1_ASM967054v1_genomic	4829855	4387746	20112	47	377	398113	23507
GCA_009670565.1_ASM967056v1_genomic	4829855	4389616	20078	46	498	398113	21550
GCA_009670575.1_ASM967057v1_genomic	4829855	4388762	20056	47	472	398113	22452
GCA_009670585.1_ASM967058v1_genomic	4829855	4384113	20208	47	375	398113	27046
GCA_009670605.1_ASM967060v1_genomic	4829855	4388726	20071	47	452	398113	22493
GCA_009670625.1_ASM967062v1_genomic	4829855	4384179	20116	47	440	398113	27007
GCA_009670665.1_ASM967066v1_genomic	4829855	4323116	81656	49	482	398113	26488
GCA_009670675.1_ASM967067v1_genomic	4829855	4390074	20058	47	450	398113	21160
GCA_009670705.1_ASM967070v1_genomic	4829855	4389264	20111	47	439	398113	21928
GCA_009670715.1_ASM967071v1_genomic	4829855	4260127	149529	48	454	398113	21632
GCA_009670725.1_ASM967072v1_genomic	4829855	4389437	20047	48	435	398113	21823
GCA_009670765.1_ASM967076v1_genomic	4829855	4388993	20066	47	424	398113	22259
GCA_009670775.1_ASM967077v1_genomic	4829855	4389470	20082	47	482	398113	21708
GCA_009670785.1_ASM967078v1_genomic	4829855	4381953	20317	47	498	398113	28974
GCA_009670815.1_ASM967081v1_genomic	4829855	4388405	20079	48	411	398113	22847
GCA_009670835.1_ASM967083v1_genomic	4829855	4388939	20133	47	427	398113	22243
GCA_009670865.1_ASM967086v1_genomic	4829855	4383201	20136	47	513	398113	27892
GCA_009670875.1_ASM967087v1_genomic	4829855	4364448	45231	46	488	398113	21575
GCA_009670895.1_ASM967089v1_genomic	4829855	4389443	20065	47	470	398113	21764
GCA_009670905.1_ASM967090v1_genomic	4829855	4389091	20075	47	481	398113	22095
GCA_009670935.1_ASM967093v1_genomic	4829855	4381832	20128	47	447	398113	29335
GCA_009670995.1_ASM967099v1_genomic	4829855	4389979	20053	48	436	398113	21274
GCA_009909635.1_ASM990963v1_genomic	4829855	4251903	145059	48	503	398113	34277
GCA_009909645.1_ASM990964v1_genomic	4829855	4365320	34804	46	496	398113	31122
GCA_009909655.1_ASM990965v1_genomic	4829855	4269658	132400	51	556	398113	29128
GCA_010974835.1_ASM1097483v1_genomic	4829855	4359110	42773	50	508	398113	29351
GCA_010974845.1_ASM1097484v1_genomic	4829855	4360184	34936	47	545	398113	36077
GCA_010974855.1_ASM1097485v1_genomic	4829855	4193758	152882	48	405	398113	84697
GCA_013391945.1_ASM1339194v1_genomic	4829855	4311335	111262	34	448	398113	8697
GCA_013391965.1_ASM1339196v1_genomic	4829855	4410598	12378	33	454	398113	8312
GCA_013392045.1_ASM1339204v1_genomic	4829855	4369141	49037	39	570	398113	12994
GCA_013392055.1_ASM1339205v1_genomic	4829855	4369589	48544	39	554	398113	13055
GCA_013392075.1_ASM1339207v1_genomic	4829855	4369197	49031	39	548	398113	12966
GCA_013392085.1_ASM1339208v1_genomic	4829855	4369108	49058	39	618	398113	12958
GCA_013392105.1_ASM1339210v1_genomic	4829855	4370493	47676	39	535	398113	13038
GCA_013392145.1_ASM1339214v1_genomic	4829855	4369516	48603	39	564	398113	13059
GCA_013421455.1_ASM1342145v1_genomic	4829855	4394935	3280	12	253	398113	33274
GCA_013421465.1_ASM1342146v1_genomic	4829855	4240309	160072	15	193	398113	31168
GCA_013421535.1_ASM1342153v1_genomic	4829855	4241487	159552	13	246	398113	30457
GCA_013421545.1_ASM1342154v1_genomic	4829855	4378547	9007	10	226	398113	43962
GCA_013421555.1_ASM1342155v1_genomic	4829855	4300757	99536	10	145	398113	31304
GCA_014734355.1_ASM1473435v1_genomic	4829855	4372016	45963	38	548	398113	13215
GCA_014734395.1_ASM1473439v1_genomic	4829855	4371977	45961	38	539	398113	13265
GCA_014734405.1_ASM1473440v1_genomic	4829855	4372034	45967	38	543	398113	13198
GCA_015158475.1_ASM1515847v1_genomic	4829855	4374397	51138	14	487	398113	5720
GCA_015158485.1_ASM1515848v1_genomic	4829855	4414877	10422	16	285	398113	6158
GCA_015158575.1_ASM1515857v1_genomic	4829855	4416658	9571	17	322	398113	5191
GCA_015158585.1_ASM1515858v1_genomic	4829855	4311769	114312	16	270	398113	5391
GCA_015158615.1_ASM1515861v1_genomic	4829855	4413105	12587	16	261	398113	5789
GCA_015158625.1_ASM1515862v1_genomic	4829855	4277146	148452	14	353	398113	5791
GCA_015158635.1_ASM1515863v1_genomic	4829855	4416296	9877	16	297	398113	5272
GCA_015158675.1_ASM1515867v1_genomic	4829855	4397694	22278	31	365	398113	11405
GCA_015158695.1_ASM1515869v1_genomic	4829855	4359476	61578	32	381	398113	10307
GCA_015158705.1_ASM1515870v1_genomic	4829855	4396747	21792	32	402	398113	12801
GCA_015158715.1_ASM1515871v1_genomic	4829855	4398338	22404	32	367	398113	10633
GCA_015158755.1_ASM1515875v1_genomic	4829855	4295722	119452	33	364	398113	16204
GCA_015158765.1_ASM1515876v1_genomic	4829855	4300597	119726	32	387	398113	11032
GCA_015158795.1_ASM1515879v1_genomic	4829855	4396304	21780	33	400	398113	13258
GCA_015158805.1_ASM1515880v1_genomic	4829855	4395362	23550	31	377	398113	12453
GCA_015158815.1_ASM1515881v1_genomic	4829855	4398288	21831	32	478	398113	11145
GCA_015158845.1_ASM1515884v1_genomic	4829855	4294953	120156	32	378	398113	16255
GCA_015158875.1_ASM1515887v1_genomic	4829855	4398682	21889	33	375	398113	10796
GCA_015158895.1_ASM1515889v1_genomic	4829855	4396591	21776	32	398	398113	12977
GCA_015158905.1_ASM1515890v1_genomic	4829855	4291505	123297	34	370	398113	16570
GCA_015158935.1_ASM1515893v1_genomic	4829855	4397641	22750	31	413	398113	10938
GCA_015158945.1_ASM1515894v1_genomic	4829855	4398368	21790	33	343	398113	11241
GCA_015158955.1_ASM1515895v1_genomic	4829855	4311543	80721	35	419	398113	39059
GCA_015158995.1_ASM1515899v1_genomic	4829855	4398739	21775	33	398	398113	10830
GCA_015159005.1_ASM1515900v1_genomic	4829855	4299051	119151	34	357	398113	13183
GCA_015159035.1_ASM1515903v1_genomic	4829855	4395193	22528	33	374	398113	13647
GCA_015159045.1_ASM1515904v1_genomic	4829855	4385467	26533	30	374	398113	19368
GCA_015159075.1_ASM1515907v1_genomic	4829855	4301466	119167	33	392	398113	10717
GCA_015159085.1_ASM1515908v1_genomic	4829855	4299053	119409	33	427	398113	12853
GCA_015159105.1_ASM1515910v1_genomic	4829855	4397706	22226	33	423	398113	11387
GCA_015159135.1_ASM1515913v1_genomic	4829855	4396422	21861	33	338	398113	13121
GCA_015159145.1_ASM1515914v1_genomic	4829855	4398758	21837	33	402	398113	10745
GCA_015159175.1_ASM1515917v1_genomic	4829855	4396006	22352	33	447	398113	12937
GCA_015159195.1_ASM1515919v1_genomic	4829855	4392822	22475	33	372	398113	16073
GCA_015159615.1_ASM1515961v1_genomic	4829855	4229448	191166	50	588	398113	10540
GCA_015190655.1_ASM1519065v1_genomic	4829855	4398580	21708	33	421	398113	11033
GCA_015274685.1_ASM1527468v1_genomic	4829855	4393741	10046	30	444	398113	27511
GCA_015274715.1_ASM1527471v1_genomic	4829855	4384285	9643	32	442	398113	37372
GCA_015274745.1_ASM1527474v1_genomic	4829855	4391267	9575	30	346	398113	30554
GCA_015336085.1_ASM1533608v1_genomic	4829855	4229312	191368	49	582	398113	10480
GCA_015336265.1_ASM1533626v1_genomic	4829855	4247296	176306	31	424	398113	7716
GCA_015336465.1_ASM1533646v1_genomic	4829855	4227999	192764	33	479	398113	10500
GCA_015336695.1_ASM1533669v1_genomic	4829855	4227643	191196	45	549	398113	12354
GCA_015336865.1_ASM1533686v1_genomic	4829855	4211273	201091	77	719	398113	18659
GCA_015337085.1_ASM1533708v1_genomic	4829855	4095608	324230	38	387	398113	11517
GCA_015337285.1_ASM1533728v1_genomic	4829855	4141544	278195	43	564	398113	11439
GCA_015337445.1_ASM1533744v1_genomic	4829855	4132405	288564	48	719	398113	10054
GCA_015337645.1_ASM1533764v1_genomic	4829855	4228515	191932	49	607	398113	10688
GCA_015337825.1_ASM1533782v1_genomic	4829855	4228785	191259	38	397	398113	11301
GCA_015338045.1_ASM1533804v1_genomic	4829855	4237454	185308	38	352	398113	8628
GCA_015338205.1_ASM1533820v1_genomic	4829855	4136658	274016	121	537	398113	20531
GCA_015350425.1_ASM1535042v1_genomic	4829855	4338616	48921	46	561	398113	43644
GCA_015350435.1_ASM1535043v1_genomic	4829855	4239662	152390	45	516	398113	39174
GCA_015350455.1_ASM1535045v1_genomic	4829855	4257008	136670	45	527	398113	37537
GCA_016102545.1_ASM1610254v1_genomic	4829855	4355644	37025	44	612	398113	38461
GCA_016102555.1_ASM1610255v1_genomic	4829855	4229225	73570	60	614	398113	128333
GCA_016102565.1_ASM1610256v1_genomic	4829855	4155666	243012	80	520	398113	32544
GCA_016102575.1_ASM1610257v1_genomic	4829855	4256744	144521	38	465	398113	30012
GCA_016102585.1_ASM1610258v1_genomic	4829855	4365754	34798	41	492	398113	30698
GCA_016102645.1_ASM1610264v1_genomic	4829855	4290368	104365	43	571	398113	36438
GCA_016102655.1_ASM1610265v1_genomic	4829855	4203364	198418	42	566	398113	29394
GCA_016102665.1_ASM1610266v1_genomic	4829855	4333764	39484	70	549	398113	57945
GCA_016102675.1_ASM1610267v1_genomic	4829855	4364351	35081	41	600	398113	31710
GCA_016102685.1_ASM1610268v1_genomic	4829855	4333650	49312	75	599	398113	48181
GCA_016102745.1_ASM1610274v1_genomic	4829855	4326853	49557	40	574	398113	54758
GCA_016102755.1_ASM1610275v1_genomic	4829855	4343855	38992	39	550	398113	48345
GCA_016102765.1_ASM1610276v1_genomic	4829855	4362239	36398	40	489	398113	32616
GCA_016102775.1_ASM1610277v1_genomic	4829855	4354834	38467	42	637	398113	37804
GCA_016102785.1_ASM1610278v1_genomic	4829855	4322869	47551	41	502	398113	60820
GCA_016102845.1_ASM1610284v1_genomic	4829855	4360666	35170	40	552	398113	35354
GCA_016102855.1_ASM1610285v1_genomic	4829855	4353732	37044	40	556	398113	40410
GCA_016102875.1_ASM1610287v1_genomic	4829855	4322035	61216	40	545	398113	47946
GCA_016102905.1_ASM1610290v1_genomic	4829855	4364176	34933	40	518	398113	32115
GCA_016102915.1_ASM1610291v1_genomic	4829855	4267744	132089	41	613	398113	31296
GCA_016102945.1_ASM1610294v1_genomic	4829855	4364726	35338	40	520	398113	31158
GCA_016102965.1_ASM1610296v1_genomic	4829855	4314250	84097	42	607	398113	32788
GCA_016102975.1_ASM1610297v1_genomic	4829855	4317381	66423	40	615	398113	47323
GCA_016103005.1_ASM1610300v1_genomic	4829855	4263911	132837	41	561	398113	34433
GCA_900460465.1_57940_B01_genomic	4829855	4326226	101282	8	623	398113	3611
SAMEA104233046	4829855	3868685	60660	59	27173	398113	475224
SAMEA104233047	4829855	3502974	139463	51	5287	398113	784018
SAMEA104233048	4829855	3623082	168615	58	2237	398113	637808
SAMEA104233049	4829855	4352631	63052	46	3102	398113	12957
SAMEA104488961	4829855	4401800	12789	15	5478	398113	11675
SAMEA1061800	4829855	4332968	10774	14	24266	398113	63734
SAMEA3541826	4829855	4049676	125452	73	17776	398113	238838
SAMEA3541827	4829855	4203252	31231	31	177898	398113	19361
SAMEA3713711	4829855	4119627	204689	18	4371	398113	103055
SAMEA3713712	4829855	4187277	203380	18	8967	398113	32118
SAMEA3713713	4829855	4206177	182044	19	5083	398113	38438
SAMEA3713714	4829855	4082716	209167	17	2800	398113	137059
SAMEA3713715	4829855	4192841	187625	16	8976	398113	42300
SAMEA3937653	4829855	4189008	126193	3	1414	398113	115127
SAMEA3937654	4829855	4276323	108339	3	1203	398113	45877
SAMEA4354665	4829855	4297176	92447	13	2534	398113	39585
SAMEA5054089	4829855	4259537	9029	3	160650	398113	2526
SAMEA5054090	4829855	4282148	9692	3	125183	398113	14719
SAMEA5054092	4829855	4265225	23921	3	77540	398113	65056
SAMEA5054093	4829855	3479594	210842	2	36488	398113	704818
SAMEA5661360	4829855	3936682	148505	5	1066	398113	345489
SAMEA5661363	4829855	4408809	12863	4	2276	398113	7794
SAMEA5661364	4829855	3481375	150655	4	1991	398113	797721
SAMEA5661365	4829855	4014996	57729	3	878	398113	358139
SAMEA5661367	4829855	4253602	106459	6	1256	398113	70425
SAMEA5661372	4829855	3985963	207930	5	2578	398113	235271
SAMEA5661384	4829855	3930245	148968	3	1953	398113	350576
SAMEA5661385	4829855	3849458	91805	3	3247	398113	487232
SAMEA5661389	4829855	4015065	96386	4	1085	398113	319206
SAMEA5661390	4829855	3408644	166745	4	2092	398113	854261
SAMEA5818798	4829855	4203386	98288	6	1173	398113	128895
SAMEA5818799	4829855	4324409	73992	6	1315	398113	32026
SAMEA5818800	4829855	4360570	63808	6	849	398113	6515
SAMEA5818801	4829855	4275083	87201	6	3478	398113	65980
SAMEA5818803	4829855	4372723	22326	3	2543	398113	34150
SAMEA5818805	4829855	4328159	27900	2	2869	398113	72814
SAMEA5818806	4829855	4370836	21655	0	2092	398113	37159
SAMEA5818808	4829855	3736763	198138	2	1698	398113	495143
SAMEA5818809	4829855	4254041	72758	0	2301	398113	102642
SAMEA5818811	4829855	3836612	165185	0	684	398113	429261
SAMEA5818815	4829855	4381593	19910	3	2004	398113	28235
SAMEA5818817	4829855	4234452	41920	1	1463	398113	153907
SAMEA5818818	4829855	4156993	92167	4	1152	398113	181430
SAMEA5818821	4829855	4213593	85789	4	1099	398113	131261
SAMEA5818822	4829855	3982087	163330	4	1471	398113	284854
SAMEA5818825	4829855	3932546	155332	4	798	398113	343066
SAMEA5818826	4829855	4373331	29961	4	862	398113	27588
SAMEA5818828	4829855	4224904	82789	4	1335	398113	122714
SAMEA5818829	4829855	4303683	54057	4	1463	398113	72539
SAMEA5818830	4829855	4266424	66965	4	2498	398113	95855
SAMEA6637002	4829855	4403982	16007	2	1133	398113	10620
SAMEA6637004	4829855	4316395	34681	2	921	398113	79745
SAMEA6651390	4829855	4368558	24036	2	1816	398113	37332
SAMEA6812876	4829855	3918709	122790	9	2031	398113	388212
SAMEA6812877	4829855	4225483	75209	9	1320	398113	129730
SAMEA7293135	4829855	4338582	63665	6	13835	398113	15660
SAMEA7293136	4829855	4009566	103003	0	21484	398113	297689
SAMEA7313236_38	4829855	4237637	86704	5	74715	398113	32686
SAMEA7313243_45	4829855	3620136	147250	3	10839	398113	653517
SAMEA7313246_49	4829855	4418297	11849	1	1574	398113	22
SAMN00715800	4829855	4202386	68906	0	2018	398113	158432
Reference	4829855	4431742	0	0	0	398113	0
