Character to attribute mapping:
  A: 0.ANT
  B: 0.PE
  C: 0.PRE
  D: 1.ANT
  E: 1.IN
  F: 1.ORI
  G: 1.PRE
  H: 2.ANT
  I: 2.MED
  J: 3.ANT
  K: 4.ANT
  L: ?


Substitution rate (mu): 26.411093

Equilibrium frequencies (pi_i):
  A: 0.0888
  B: 0.0896
  C: 0.0933
  D: 0.0885
  E: 0.0874
  F: 0.0969
  G: 0.0894
  H: 0.0878
  I: 0.1005
  J: 0.0893
  K: 0.0884

Symmetrized rates from j->i (W_ij):
	A	B	C	D	E	F	G	H	I	J	K
  A	0	1.5164	1.0103	1.0105	1.0099	1.0075	1.518	1.0106	1.0071	1.0112	1.0115
  B	1.5164	0	1.5164	1.01	1.0093	1.007	1.0087	1.0092	1.0056	1.0098	1.0101
  C	1.0103	1.5164	0	1.0116	1.0109	1.0087	1.0103	1.0108	1.0073	1.0115	1.0118
  D	1.0105	1.01	1.0116	0	1.3501	1.0093	1.3475	1.0113	1.008	1.0119	1.0122
  E	1.0099	1.0093	1.0109	1.3501	0	1.5164	1.3461	1.0106	1.0073	1.0112	1.0115
  F	1.0075	1.007	1.0087	1.0093	1.5164	0	1.0078	1.0083	1.0043	1.0089	1.0092
  G	1.518	1.0087	1.0103	1.3475	1.3461	1.0078	0	1.2258	1.2206	1.2263	1.2268
  H	1.0106	1.0092	1.0108	1.0113	1.0106	1.0083	1.2258	0	1.4069	1.0995	1.0998
  I	1.0071	1.0056	1.0073	1.008	1.0073	1.0043	1.2206	1.4069	0	1.0954	1.0958
  J	1.0112	1.0098	1.0115	1.0119	1.0112	1.0089	1.2263	1.0995	1.0954	0	1.4145
  K	1.0115	1.0101	1.0118	1.0122	1.0115	1.0092	1.2268	1.0998	1.0958	1.4145	0

Actual rates from j->i (Q_ij):
	A	B	C	D	E	F	G	H	I	J	K
  A	0	0.1346	0.0897	0.0897	0.0896	0.0894	0.1347	0.0897	0.0894	0.0898	0.0898
  B	0.1359	0	0.1359	0.0905	0.0905	0.0903	0.0904	0.0905	0.0901	0.0905	0.0905
  C	0.0943	0.1415	0	0.0944	0.0943	0.0941	0.0943	0.0943	0.094	0.0944	0.0944
  D	0.0895	0.0894	0.0896	0	0.1195	0.0894	0.1193	0.0895	0.0892	0.0896	0.0896
  E	0.0883	0.0883	0.0884	0.1181	0	0.1326	0.1177	0.0884	0.0881	0.0884	0.0885
  F	0.0976	0.0976	0.0977	0.0978	0.1469	0	0.0976	0.0977	0.0973	0.0978	0.0978
  G	0.1357	0.0902	0.0903	0.1205	0.1204	0.0901	0	0.1096	0.1091	0.1097	0.1097
  H	0.0888	0.0886	0.0888	0.0888	0.0888	0.0886	0.1077	0	0.1236	0.0966	0.0966
  I	0.1012	0.1011	0.1012	0.1013	0.1012	0.1009	0.1227	0.1414	0	0.1101	0.1101
  J	0.0903	0.0902	0.0903	0.0904	0.0903	0.0901	0.1095	0.0982	0.0978	0	0.1263
  K	0.0894	0.0893	0.0894	0.0895	0.0894	0.0892	0.1084	0.0972	0.0968	0.125	0

