	0	1	2	3	4	5	6	7	8	9	10	11	12	13	14	15	16	17	18	19	20	21	22	23	24	25	26	27	28	29	30
D24	1350293.0	1062957.0	805659.0	564777.0	383175.0	254494.0	161997.0	100405.0	59787.0	34869.0	20669.0	11652.0	7160.0	4442.0	2424.0	1491.0	1078.0	650.0	546.0	329.0	289.0	205.0	146.0	109.0	88.0	49.0	18.0	34.0	25.0	19.0	19.0
	0	1	2	3	4	5	6	7	8	9	10	11	12	13	14	15	16	17	18	19	20
D25	4630182.0	190828.0	7511.0	594.0	266.0	73.0	117.0	105.0	20.0	23.0	23.0	27.0	9.0	30.0	8.0	1.0	2.0	6.0	2.0	1.0	27.0
	0	1	2	3	4	5	6	7	8	9	10	11	12	13	14	15	16	17	18	19	20	21	22	23	24	25	26	27	28	29	30	31	32	33	34	35	36	37	38	39	40	41	42	43	44	45	46	47	48	49	50	51	52	53	54	55	56	57	58	59	60	61	62	63	64	65	66	67	68	69	70	71	72	73	74	75	76	77	78	79	80	81
D51	588934.0	420752.0	395333.0	355629.0	310920.0	272245.0	239043.0	212009.0	191600.0	171206.0	153005.0	136979.0	124941.0	112225.0	101831.0	91306.0	83058.0	75657.0	68782.0	63077.0	57957.0	52373.0	47858.0	43439.0	40843.0	37123.0	33599.0	30782.0	27963.0	26449.0	23559.0	21636.0	19937.0	18259.0	16426.0	15162.0	14157.0	12904.0	11397.0	10644.0	9552.0	8772.0	7571.0	7229.0	6516.0	5786.0	5302.0	4705.0	4249.0	3869.0	3388.0	2901.0	2809.0	2571.0	2313.0	2179.0	1832.0	1604.0	1510.0	1387.0	1224.0	1017.0	933.0	899.0	787.0	659.0	632.0	534.0	491.0	422.0	361.0	320.0	302.0	283.0	262.0	238.0	237.0	223.0	214.0	162.0	150.0	138.0
	0	1	2	3	4	5	6	7	8	9	10	11	12	13	14	15	16	17	18	19	20	21	22	23	24	25	26	27	28	29	30	31	32	33	34	35	36	37	38	39	40	41	42	43	44	45	46	47	48	49	50	51	52
D62	856043.0	677763.0	628328.0	545708.0	463554.0	382302.0	307493.0	245366.0	189124.0	143360.0	107640.0	78188.0	56633.0	41178.0	29035.0	20558.0	15158.0	10560.0	7726.0	5638.0	4188.0	2936.0	2078.0	1625.0	1377.0	1130.0	922.0	811.0	603.0	532.0	413.0	295.0	264.0	268.0	219.0	201.0	111.0	125.0	88.0	65.0	49.0	39.0	44.0	33.0	32.0	14.0	15.0	8.0	6.0	2.0	4.0	1.0	2.0
	0	1	2	3	4	5	6	7	8	9	10	11	12	13	14	15	16	17	18	19	20	21	22	23	24	25	26	27	28	29	30	31	32	33	34	35	36	37	38	39	40	41	42	43	44	45	46	47	48	49	50	51	52	53	54	55	56	57	58	59	60	61	62	63	64	65	66	67	68	69	70	71	72	73	74	75	76	77	78	79	80	81
D71	290122.0	109565.0	123256.0	132869.0	134191.0	136132.0	133519.0	133081.0	129278.0	126168.0	124601.0	120679.0	116192.0	113392.0	109925.0	105639.0	104179.0	100699.0	96039.0	93208.0	91017.0	90341.0	87075.0	84294.0	82145.0	79749.0	76634.0	74190.0	72345.0	70179.0	67766.0	64776.0	62324.0	59968.0	58165.0	55990.0	54362.0	51975.0	50777.0	48276.0	46748.0	44100.0	42329.0	40254.0	39536.0	38028.0	36676.0	35329.0	33654.0	32171.0	30945.0	29210.0	28094.0	26456.0	25179.0	24103.0	22798.0	22278.0	21056.0	20179.0	18889.0	17898.0	16907.0	15595.0	14911.0	13842.0	13173.0	12289.0	11354.0	10944.0	10030.0	9454.0	8900.0	8480.0	7614.0	6998.0	6389.0	6203.0	5663.0	5342.0	4931.0	4500.0
	0	1	2	3	4	5	6	7	8	9	10	11	12	13	14	15	16	17	18	19	20	21	22	23	24	25	26	27	28	29	30	31	32	33	34	35	36	37	38	39	40	41	42	43	44	45	46	47	48	49	50	51	52	53	54	55	56	57	58	59	60	61	62	63	64	65	66	67	68	69	70	71	72	73	74	75	76	77
D72	591254.0	473047.0	487801.0	461905.0	423496.0	380771.0	336436.0	290939.0	249408.0	210785.0	176468.0	147245.0	121058.0	99854.0	78997.0	64523.0	51176.0	40599.0	31869.0	24832.0	19664.0	14741.0	11196.0	8747.0	6804.0	5087.0	3904.0	3240.0	2699.0	2096.0	1607.0	1274.0	1001.0	817.0	757.0	602.0	488.0	387.0	294.0	263.0	207.0	195.0	162.0	127.0	97.0	105.0	77.0	87.0	69.0	61.0	50.0	54.0	48.0	56.0	65.0	18.0	15.0	23.0	37.0	15.0	17.0	6.0	11.0	14.0	17.0	14.0	9.0	14.0	8.0	11.0	11.0	8.0	3.0	3.0	5.0	3.0	1.0	1.0
	0	1	2	3	4	5	6	7	8	9	10	11	12	13	14	15	16	17	18	19	20	21	22	23	24	25	26	27	28	29	30	31	32	33	34	35	36	37	38	39	40	41	42	43	44	45	46	47	48	49	50	51	52	53	54	55	56	57	58	59	60	61	62	63	64	65	66	67	68	69	70	71	72	73	74	75	76	77	78	79	80	81
D75	297334.0	102414.0	115087.0	128131.0	134239.0	139574.0	142031.0	144244.0	144594.0	143823.0	145104.0	144726.0	143296.0	143154.0	141951.0	138654.0	137667.0	134790.0	133394.0	129251.0	126510.0	121164.0	118695.0	115408.0	110181.0	105498.0	101571.0	97789.0	93088.0	87308.0	82181.0	77020.0	71242.0	66037.0	61541.0	56156.0	51687.0	46314.0	41785.0	37694.0	33462.0	30235.0	26599.0	24047.0	21228.0	18447.0	15893.0	13549.0	11760.0	10395.0	8961.0	7737.0	6711.0	5517.0	4706.0	4094.0	3493.0	3130.0	2655.0	2182.0	1881.0	1623.0	1569.0	1323.0	1250.0	1115.0	1010.0	877.0	835.0	793.0	735.0	723.0	721.0	609.0	615.0	536.0	570.0	480.0	512.0	443.0	409.0	336.0
	0	1	2	3	4	5	6	7	8	9	10	11	12	13	14	15	16	17	18	19	20	21	22	23	24	25	26	27	28	29	30	31	32	33	34	35	36	37	38	39	40	41	42	43	44	45	46	47	48	49	50	51	52	53	54	55	56	57	58	59	60	61	62	63	64	65	66	67	68	69	70	71	72	73	74	75	76	77	78	79	80	81
P187	1040186.0	650593.0	502158.0	398398.0	326525.0	273089.0	231285.0	198002.0	171153.0	147758.0	129310.0	111132.0	96045.0	82746.0	70353.0	61681.0	52301.0	44938.0	37821.0	31816.0	27515.0	23329.0	19120.0	16557.0	13498.0	11023.0	8947.0	7336.0	5742.0	4625.0	3937.0	3372.0	3059.0	2427.0	2074.0	1661.0	1417.0	1201.0	1101.0	1029.0	892.0	801.0	725.0	667.0	613.0	519.0	484.0	464.0	402.0	437.0	406.0	404.0	332.0	325.0	244.0	274.0	284.0	254.0	206.0	162.0	135.0	132.0	143.0	119.0	86.0	78.0	63.0	53.0	56.0	54.0	59.0	55.0	56.0	49.0	55.0	59.0	53.0	34.0	32.0	30.0	44.0	49.0
	0	1	2	3	4	5	6	7	8	9	10	11	12	13	14	15	16	17	18	19	20	21	22	23	24	25	26	27	28	29	30	31	32	33	34	35	36	37	38	39	40	41	42	43	44	45	46	47	48	49	50	51	52	53	54	55	56	57	58	59	60	61	62	63	64	65	66	67	68	69	70	71	72	73	74	75	76	77	78	79	80	81
P212	910332.0	538966.0	415666.0	338566.0	290007.0	249897.0	220594.0	193828.0	172751.0	156997.0	143036.0	128827.0	117333.0	107366.0	95057.0	87251.0	78592.0	70083.0	62157.0	55636.0	49263.0	43521.0	38651.0	33271.0	28766.0	24888.0	21926.0	19004.0	16683.0	14288.0	12514.0	10587.0	9041.0	8013.0	6958.0	5737.0	5301.0	4445.0	3883.0	3528.0	3020.0	2630.0	2284.0	2141.0	1915.0	1713.0	1571.0	1477.0	1279.0	1168.0	1069.0	915.0	850.0	785.0	748.0	638.0	633.0	612.0	594.0	555.0	550.0	506.0	473.0	413.0	370.0	353.0	319.0	337.0	308.0	250.0	224.0	243.0	202.0	182.0	147.0	169.0	159.0	144.0	151.0	120.0	129.0	118.0
	0	1	2	3	4	5	6	7	8	9	10	11	12	13	14	15	16	17	18	19	20	21	22
P246	4287597.0	456479.0	66118.0	12818.0	2961.0	1137.0	1041.0	621.0	331.0	241.0	137.0	142.0	68.0	61.0	18.0	6.0	1.0	4.0	7.0	7.0	29.0	7.0	24.0
	0	1	2	3	4	5	6	7	8	9	10	11	12	13	14	15	16	17	18	19	20	21	22	23	24	25	26	27	28	29	30	31	32	33	34	35	36	37	38	39	40	41	42	43	44	45	46	47	48	49	50	51	52	53	54	55	56	57	58	59	60	61	62	63	64	65	66	67	68	69	70	71	72	73	74	75	76	77	78	79	80	81
P384	2562716.0	996840.0	513225.0	290335.0	172594.0	105846.0	66269.0	40650.0	25507.0	16495.0	10488.0	7249.0	4792.0	3390.0	2362.0	1722.0	1236.0	1026.0	696.0	667.0	477.0	313.0	350.0	323.0	261.0	180.0	176.0	165.0	168.0	178.0	156.0	120.0	136.0	138.0	109.0	114.0	79.0	84.0	76.0	69.0	95.0	99.0	74.0	65.0	63.0	70.0	70.0	70.0	60.0	77.0	73.0	78.0	62.0	78.0	53.0	67.0	61.0	68.0	95.0	92.0	51.0	59.0	48.0	42.0	28.0	45.0	40.0	25.0	25.0	20.0	28.0	17.0	13.0	18.0	16.0	20.0	12.0	10.0	12.0	2.0	2.0	4.0
	0	1	2	3	4	5	6	7	8	9	10	11	12	13	14	15	16	17	18	19	20	21	22	23	24	25	26	27	28	29	30	31	32	33	34	35	36	37	38	39	40	41	42	43	44	45	46	47	48	49	50	51	52	53	54	55	56	57	58	59	60	61	62	63	64	65	66	67	68	69	70	71	72	73	74	75	76	77	78	79	80	81
P387	985799.0	563695.0	432962.0	348099.0	284372.0	240981.0	209645.0	181592.0	160979.0	144744.0	129628.0	117298.0	106979.0	97998.0	88659.0	80601.0	73788.0	66969.0	59448.0	53429.0	48452.0	43627.0	38360.0	34332.0	29820.0	26928.0	23549.0	20904.0	18607.0	15965.0	14010.0	12168.0	10216.0	8834.0	7187.0	5968.0	4885.0	4286.0	3431.0	2951.0	2512.0	2171.0	1787.0	1507.0	1311.0	1107.0	960.0	896.0	794.0	714.0	678.0	651.0	646.0	547.0	569.0	491.0	438.0	438.0	385.0	358.0	337.0	339.0	290.0	236.0	206.0	195.0	218.0	169.0	164.0	131.0	131.0	131.0	112.0	116.0	89.0	80.0	53.0	59.0	52.0	55.0	61.0	56.0
	0	1	2	3	4	5	6	7	8	9	10	11	12	13	14	15	16	17	18	19	20	21	22	23	24	25	26	27	28	29	30	31	32	33	34	35	36	37	38	39	40	41	42	43	44	45	46	47	48	49	50	51	52	54	55	56	57	58	59	60
R21	1636634.0	993349.0	648753.0	434615.0	304250.0	215241.0	152327.0	111060.0	82463.0	59226.0	44844.0	34586.0	26064.0	19420.0	15108.0	11782.0	9346.0	6835.0	5229.0	3973.0	2956.0	2437.0	1895.0	1591.0	1168.0	873.0	721.0	639.0	540.0	421.0	306.0	277.0	194.0	168.0	90.0	71.0	81.0	56.0	68.0	36.0	28.0	12.0	14.0	12.0	8.0	17.0	10.0	11.0	9.0	7.0	3.0	3.0	3.0	3.0	5.0	2.0	5.0	4.0	4.0	2.0
	0	1	2	3	4	5	6	7	8	9	10	11	12	13	14	15	16	17	18	19	20	21	22	23	24	25	26	27	28	29	30	31	32	33	34	35	36	37	38	39	40	41	42	43	44	45	46	47	48	49	50	51	52	53	54	55	56	57	58	59	60	61	62	63	64	65	66	67	68	69	70	71	72	73	74	75	76	77	78	79	80	81
R36	259089.0	70799.0	85635.0	100127.0	103681.0	109693.0	112829.0	114048.0	113307.0	114043.0	113750.0	112592.0	110528.0	109077.0	107705.0	106634.0	104866.0	103426.0	103028.0	100653.0	99142.0	96738.0	94689.0	93104.0	90679.0	88870.0	87074.0	85174.0	83704.0	80993.0	78624.0	77291.0	74568.0	73208.0	71577.0	68690.0	66688.0	64578.0	62919.0	60082.0	58463.0	56670.0	54637.0	52504.0	50885.0	48494.0	46070.0	44267.0	42413.0	40490.0	37706.0	36159.0	33955.0	32092.0	30115.0	27662.0	25657.0	23940.0	22332.0	20549.0	18653.0	17182.0	16052.0	14411.0	12992.0	11808.0	10923.0	9827.0	8512.0	7708.0	6887.0	6179.0	5336.0	4792.0	4221.0	3604.0	3087.0	2720.0	2416.0	2146.0	1891.0	1638.0
	0	1	2	3	4	5	6	7	8	9	10	11	12	13	14	15	16	17	18	19	20	21	22	23	24	25	26	27	28	29	30
R44	4568045.0	243623.0	14561.0	1571.0	559.0	320.0	333.0	121.0	142.0	94.0	35.0	53.0	37.0	24.0	32.0	36.0	33.0	22.0	21.0	42.0	22.0	18.0	44.0	4.0	6.0	13.0	16.0	7.0	2.0	1.0	18.0

