Sample	Retained Read Pairs	Singleton R1	Singleton R2	Full-length Collapsed Pairs	Truncated Collapsed Pairs	Discarded R1	Discarded R2
D24-L001_1	8404197.0	0.0	0.0	7911925.0	0.0	668297.0	668297.0
D24-L002_1	8349807.0	0.0	0.0	7865781.0	0.0	670763.0	670763.0
D25-L001_1	6425758.0	0.0	0.0	6122782.0	0.0	743049.0	743049.0
D25-L002_1	6392993.0	0.0	0.0	6092835.0	0.0	746765.0	746765.0
D51-L001_1	12728909.0	0.0	0.0	12406745.0	0.0	1271926.0	1271926.0
D51-L002_1	12660384.0	0.0	0.0	12344192.0	0.0	1277233.0	1277233.0
D62-L001_1	8416517.0	0.0	0.0	7881609.0	0.0	658001.0	658001.0
D62-L002_1	8348065.0	1.0	0.0	7823647.0	0.0	660687.0	660688.0
D71-L001_1	14755107.0	0.0	0.0	14381425.0	0.0	955851.0	955851.0
D71-L002_1	14637789.0	2.0	0.0	14270333.0	0.0	958178.0	958180.0
D72-L001_1	9844714.0	2.0	0.0	9559128.0	0.0	1124241.0	1124243.0
D72-L002_1	9779689.0	2.0	0.0	9498899.0	0.0	1126870.0	1126872.0
D75-L001_1	13611038.0	0.0	0.0	13246800.0	0.0	239103.0	239103.0
D75-L002_1	13450548.0	0.0	0.0	13093618.0	0.0	237940.0	237940.0
P187M2-S270-L001_1	374286.0	0.0	0.0	344978.0	0.0	5301.0	5301.0
P187M2-S270-L002_1	373787.0	0.0	0.0	344685.0	0.0	5120.0	5120.0
P187M2-S67-L001_1	163632.0	0.0	0.0	156280.0	0.0	2753.0	2753.0
P187M2-S67-L002_1	165387.0	0.0	0.0	157785.0	0.0	2823.0	2823.0
P187S6aM4-S69-L001_1	2229599.0	0.0	0.0	2137497.0	0.0	212850.0	212850.0
P187S6aM4-S69-L002_1	2236554.0	0.0	0.0	2145206.0	0.0	214559.0	214559.0
P187S6aM5-S112-L001_1	414729.0	89.0	0.0	396537.0	0.0	228881.0	228970.0
P187S6aM5-S112-L002_1	426614.0	69.0	0.0	408582.0	0.0	236208.0	236277.0
P187S6bM4-S70-L001_1	2033385.0	0.0	0.0	1932207.0	0.0	379031.0	379031.0
P187S6bM4-S70-L002_1	2041079.0	0.0	0.0	1938501.0	0.0	381013.0	381013.0
P187S6bM5-S113-L001_1	890661.0	294.0	0.0	840013.0	0.0	899612.0	899906.0
P187S6bM5-S113-L002_1	913962.0	222.0	0.0	864418.0	0.0	924426.0	924648.0
P187S6cM4-S71-L001_1	2578594.0	0.0	0.0	2466572.0	0.0	239821.0	239821.0
P187S6cM4-S71-L002_1	2595275.0	0.0	0.0	2483637.0	0.0	240609.0	240609.0
P187S6cM5-S114-L001_1	282762.0	79.0	0.0	269712.0	0.0	175330.0	175409.0
P187S6cM5-S114-L002_1	288700.0	54.0	0.0	276358.0	0.0	180114.0	180168.0
P187S6dM4-S72-L001_1	2057645.0	0.0	0.0	1927057.0	0.0	183190.0	183190.0
P187S6dM4-S72-L002_1	2068344.0	0.0	0.0	1937246.0	0.0	184977.0	184977.0
P187S6eM4-S73-L001_1	1325833.0	0.0	0.0	1284489.0	0.0	96479.0	96479.0
P187S6eM4-S73-L002_1	1331738.0	0.0	0.0	1291056.0	0.0	96883.0	96883.0
P187bM3-L001_1	0.0	1310185.0	0.0	0.0	0.0	7339.0	0.0
P187bM3-S498-L001_1	1349874.0	0.0	0.0	1256936.0	0.0	14119.0	14119.0
P187bM3-S498-L002_1	1346787.0	0.0	0.0	1253939.0	0.0	14143.0	14143.0
P187cM3-L001_1	0.0	889736.0	0.0	0.0	0.0	10963.0	0.0
P187cM3-S499-L001_1	904461.0	0.0	0.0	863725.0	0.0	16606.0	16606.0
P187cM3-S499-L002_1	900236.0	0.0	0.0	859374.0	0.0	17028.0	17028.0
P187cM3-S68-L001_1	3212472.0	0.0	0.0	3127994.0	0.0	87072.0	87072.0
P187cM3-S68-L002_1	3222015.0	0.0	0.0	3138263.0	0.0	86790.0	86790.0
P212M2-S271-L001_1	1835443.0	4.0	0.0	1778185.0	0.0	9162.0	9166.0
P212M2-S271-L002_1	1868249.0	0.0	0.0	1810973.0	0.0	9245.0	9245.0
P212S6aM4-S76-L001_1	1514275.0	0.0	0.0	1468105.0	0.0	96029.0	96029.0
P212S6aM4-S76-L002_1	1518904.0	1.0	0.0	1473506.0	0.0	96496.0	96497.0
P212S6aM5-S115-L001_1	279022.0	117.0	0.0	258658.0	0.0	319441.0	319558.0
P212S6aM5-S115-L002_1	285174.0	97.0	0.0	265724.0	0.0	328930.0	329027.0
P212S6bM4-S77-L001_1	2873274.0	0.0	0.0	2797144.0	0.0	141597.0	141597.0
P212S6bM4-S77-L002_1	2886581.0	0.0	0.0	2811859.0	0.0	141434.0	141434.0
P212S6bM5-S116-L001_1	325393.0	84.0	0.0	308313.0	0.0	197391.0	197475.0
P212S6bM5-S116-L002_1	333638.0	60.0	0.0	316498.0	0.0	203178.0	203238.0
P212S6cM4-S78-L001_1	2800592.0	0.0	0.0	2722224.0	0.0	185430.0	185430.0
P212S6cM4-S78-L002_1	2817684.0	0.0	0.0	2741720.0	0.0	186478.0	186478.0
P212S6cM5-S117-L001_1	497274.0	212.0	0.0	460118.0	0.0	617120.0	617332.0
P212S6cM5-S117-L002_1	509987.0	158.0	0.0	472427.0	0.0	634942.0	635100.0
P212S6dM4-S79-L001_1	3855871.0	0.0	0.0	3766223.0	0.0	313617.0	313617.0
P212S6dM4-S79-L002_1	3873689.0	1.0	0.0	3786697.0	0.0	314983.0	314984.0
P212S6eM4-S80-L001_1	3323542.0	0.0	0.0	3271784.0	0.0	324472.0	324472.0
P212S6eM4-S80-L002_1	3404709.0	0.0	0.0	3353631.0	0.0	330011.0	330011.0
P212aM3-S500-L001_1	1278687.0	0.0	0.0	1203199.0	0.0	14346.0	14346.0
P212aM3-S500-L002_1	1277721.0	0.0	0.0	1202191.0	0.0	14188.0	14188.0
P212aM3-S74-L001_1	805.0	0.0	0.0	783.0	0.0	49.0	49.0
P212aM3-S74-L002_1	868.0	0.0	0.0	848.0	0.0	54.0	54.0
P212bM3-S501-L001_1	1283006.0	0.0	0.0	1219086.0	0.0	16451.0	16451.0
P212bM3-S501-L002_1	1280227.0	0.0	0.0	1216147.0	0.0	16799.0	16799.0
P212bM3-S75-L001_1	434.0	0.0	0.0	416.0	0.0	54.0	54.0
P212bM3-S75-L002_1	407.0	0.0	0.0	399.0	0.0	51.0	51.0
P212cM3-S502-L001_1	1657026.0	0.0	0.0	1516244.0	0.0	15844.0	15844.0
P212cM3-S502-L002_1	1644462.0	0.0	0.0	1505312.0	0.0	15724.0	15724.0
P246M2-S273-L001_1	907873.0	2.0	0.0	764203.0	0.0	6849.0	6851.0
P246M2-S273-L002_1	912604.0	0.0	0.0	768324.0	0.0	6782.0	6782.0
P246S6aM4-S84-L001_1	2430417.0	0.0	0.0	2248801.0	0.0	215132.0	215132.0
P246S6aM4-S84-L002_1	2444942.0	0.0	0.0	2261278.0	0.0	217041.0	217041.0
P246S6aM5-S121-L001_1	593542.0	86.0	0.0	567104.0	0.0	194157.0	194243.0
P246S6aM5-S121-L002_1	610604.0	85.0	0.0	583808.0	0.0	200847.0	200932.0
P246S6bM4-S85-L001_1	2118743.0	1.0	0.0	1981559.0	0.0	189284.0	189285.0
P246S6bM4-S85-L002_1	2122026.0	0.0	0.0	1985810.0	0.0	191233.0	191233.0
P246S6bM5-S122-L001_1	426260.0	56.0	0.0	408640.0	0.0	153267.0	153323.0
P246S6bM5-S122-L002_1	435426.0	54.0	0.0	418204.0	0.0	157994.0	158048.0
P246S6cM4-S86-L001_1	1671893.0	0.0	0.0	1621549.0	0.0	465738.0	465738.0
P246S6cM4-S86-L002_1	1682271.0	0.0	0.0	1632735.0	0.0	468803.0	468803.0
P246S6cM5-S123-L001_1	707058.0	130.0	0.0	681388.0	0.0	328810.0	328940.0
P246S6cM5-S123-L002_1	724974.0	122.0	0.0	699386.0	0.0	339203.0	339325.0
P384M2-S279-L001_1	482058.0	1.0	0.0	447760.0	0.0	8434.0	8435.0
P384M2-S279-L002_1	481219.0	0.0	0.0	447493.0	0.0	8296.0	8296.0
P384S6aM4-S98-L001_1	1136153.0	0.0	0.0	1077015.0	0.0	119866.0	119866.0
P384S6aM4-S98-L002_1	1141059.0	0.0	0.0	1082547.0	0.0	119969.0	119969.0
P384S6aM5-S133-L001_1	670038.0	112.0	0.0	646508.0	0.0	429777.0	429889.0
P384S6aM5-S133-L002_1	685401.0	86.0	0.0	662111.0	0.0	442095.0	442181.0
P384S6bM4-S99-L001_1	2604342.0	1.0	0.0	2489324.0	0.0	318960.0	318961.0
P384S6bM4-S99-L002_1	2668470.0	0.0	0.0	2550688.0	0.0	324161.0	324161.0
P384S6bM5-S134-L001_1	1467763.0	235.0	0.0	1419073.0	0.0	613979.0	614214.0
P384S6bM5-S134-L002_1	1522802.0	218.0	0.0	1473880.0	0.0	635414.0	635632.0
P384S6cM4-S100-L001_1	2199347.0	0.0	0.0	2127603.0	0.0	277714.0	277714.0
P384S6cM4-S100-L002_1	2209168.0	0.0	0.0	2138078.0	0.0	279490.0	279490.0
P384S6cM5-S135-L001_1	532814.0	100.0	0.0	511436.0	0.0	208815.0	208915.0
P384S6cM5-S135-L002_1	546022.0	100.0	0.0	525172.0	0.0	213814.0	213914.0
P384aM3-S506-L001_1	1160458.0	0.0	0.0	1035386.0	0.0	26540.0	26540.0
P384aM3-S506-L002_1	1156890.0	0.0	0.0	1031792.0	0.0	26932.0	26932.0
P384bM3-S507-L001_1	922569.0	0.0	0.0	840751.0	0.0	13745.0	13745.0
P384bM3-S507-L002_1	922356.0	0.0	0.0	841290.0	0.0	13535.0	13535.0
P384cM3-S508-L001_1	699898.0	0.0	0.0	632650.0	0.0	9821.0	9821.0
P384cM3-S508-L002_1	698976.0	0.0	0.0	631828.0	0.0	9695.0	9695.0
P387M2-S280-L001_1	2390180.0	3.0	0.0	2192000.0	0.0	30859.0	30862.0
P387M2-S280-L002_1	2422042.0	0.0	0.0	2222098.0	0.0	30187.0	30187.0
P387S6aM4-S101-L001_1	2574998.0	0.0	0.0	2481966.0	0.0	243355.0	243355.0
P387S6aM4-S101-L002_1	2579282.0	0.0	0.0	2487920.0	0.0	244341.0	244341.0
P387S6aM5-S136-L001_1	250618.0	50.0	0.0	240324.0	0.0	122696.0	122746.0
P387S6aM5-S136-L002_1	258031.0	36.0	0.0	248137.0	0.0	126593.0	126629.0
P387S6bM4-S102-L001_1	2124502.0	0.0	0.0	2044266.0	0.0	201805.0	201805.0
P387S6bM4-S102-L002_1	2132969.0	0.0	0.0	2053233.0	0.0	202767.0	202767.0
P387S6bM5-S137-L001_1	592782.0	136.0	0.0	569250.0	0.0	372240.0	372376.0
P387S6bM5-S137-L002_1	608642.0	128.0	0.0	585608.0	0.0	384174.0	384302.0
P387S6cM4-S103-L001_1	1675903.0	0.0	0.0	1613999.0	0.0	113507.0	113507.0
P387S6cM4-S103-L002_1	1685367.0	0.0	0.0	1624051.0	0.0	113736.0	113736.0
P387S6cM5-S138-L001_1	394203.0	43.0	0.0	379345.0	0.0	187064.0	187107.0
P387S6cM5-S138-L002_1	404106.0	44.0	0.0	389548.0	0.0	193319.0	193363.0
P387S6dM4-S104-L001_1	2285172.0	0.0	0.0	2205986.0	0.0	263744.0	263744.0
P387S6dM4-S104-L002_1	2293609.0	0.0	0.0	2215769.0	0.0	265216.0	265216.0
P387S6eM4-S105-L001_1	2182186.0	0.0	0.0	2115280.0	0.0	208409.0	208409.0
P387S6eM4-S105-L002_1	2198364.0	0.0	0.0	2132048.0	0.0	209487.0	209487.0
P387aM3-S509-L001_1	997564.0	0.0	0.0	931070.0	0.0	22348.0	22348.0
P387aM3-S509-L002_1	997282.0	0.0	0.0	931458.0	0.0	22606.0	22606.0
P387bM3-S510-L001_1	1063276.0	1.0	0.0	944730.0	0.0	8599.0	8600.0
P387bM3-S510-L002_1	1061782.0	0.0	0.0	944194.0	0.0	8610.0	8610.0
P387cM3-S511-L001_1	1272695.0	0.0	0.0	1149237.0	0.0	22974.0	22974.0
P387cM3-S511-L002_1	1270718.0	0.0	0.0	1148140.0	0.0	22961.0	22961.0
R21E1S1S2-S58-L001_1	12379714.0	0.0	0.0	12034336.0	0.0	1713043.0	1713043.0
R21E1S1S2-S58-L002_1	12250685.0	1.0	0.0	11912429.0	0.0	1710999.0	1711000.0
R36E1S1S2-S59-L001_1	13425660.0	0.0	0.0	13108668.0	0.0	1686492.0	1686492.0
R36E1S1S2-S59-L002_1	13321308.0	0.0	0.0	13011766.0	0.0	1687694.0	1687694.0
R44E1S1S2-S62-L001_1	8444921.0	0.0	0.0	7692019.0	0.0	839510.0	839510.0
R44E1S1S2-S62-L002_1	8380169.0	0.0	0.0	7636945.0	0.0	840895.0	840895.0
