	16.0	17.0	18.0	19.0	20.0	21.0	22.0	23.0	24.0	25.0	26.0	27.0	28.0	29.0	30.0	31.0	32.0	33.0	34.0	35.0	36.0	37.0	38.0	39.0
D24-L001_1	1.0	22.0	61.0	35.0	43.0	143.0	508.0	1635.0	3959.0	8101.0	14120.0	22748.0	33909.0	48057.0	65104.0	86036.0	111647.0	143514.0	185297.0	247513.0	353791.0	585469.0	1491694.0	5422951.0
	9.0	10.0	11.0	12.0	13.0	14.0	15.0	16.0	17.0	18.0	19.0	20.0	21.0	22.0	23.0	24.0	25.0	26.0	27.0	28.0	29.0	30.0	31.0	32.0	33.0	34.0	35.0	36.0	37.0	38.0	39.0
D24-L001_2	3.0	9.0	7.0	10.0	14.0	16.0	41.0	518.0	2544.0	3351.0	3282.0	3331.0	4038.0	5491.0	8020.0	11593.0	16594.0	23149.0	31223.0	41747.0	55615.0	72811.0	94697.0	121574.0	159660.0	213101.0	296133.0	449269.0	797780.0	1991360.0	4419377.0
	16.0	17.0	18.0	19.0	20.0	21.0	22.0	23.0	24.0	25.0	26.0	27.0	28.0	29.0	30.0	31.0	32.0	33.0	34.0	35.0	36.0	37.0	38.0	39.0
D24-L002_1	3.0	23.0	16.0	24.0	48.0	121.0	451.0	1490.0	3747.0	7424.0	13239.0	20836.0	31410.0	44704.0	60670.0	80110.0	103713.0	134275.0	174044.0	233055.0	332260.0	552442.0	1429898.0	5554554.0
	4.0	5.0	6.0	7.0	8.0	9.0	10.0	11.0	12.0	13.0	14.0	15.0	16.0	17.0	18.0	19.0	20.0	21.0	22.0	23.0	24.0	25.0	26.0	27.0	28.0	29.0	30.0	31.0	32.0	33.0	34.0	35.0	36.0	37.0	38.0	39.0
D24-L002_2	1.0	2.0	3.0	7.0	2.0	3.0	8.0	10.0	10.0	15.0	24.0	55.0	525.0	2409.0	2991.0	2990.0	3316.0	4287.0	5544.0	7926.0	11618.0	16185.0	22611.0	30568.0	40737.0	53249.0	70219.0	90585.0	117166.0	153716.0	206077.0	288214.0	443149.0	796535.0	2020176.0	4387624.0
	17.0	18.0	19.0	20.0	21.0	22.0	23.0	24.0	25.0	26.0	27.0	28.0	29.0	30.0	31.0	32.0	33.0	34.0	35.0	36.0	37.0	38.0	39.0
D25-L001_1	7.0	27.0	19.0	43.0	97.0	472.0	1393.0	3626.0	7549.0	13508.0	22173.0	33195.0	47483.0	64966.0	84943.0	110215.0	142074.0	182487.0	242305.0	344405.0	571686.0	1452395.0	3692251.0
	9.0	10.0	11.0	12.0	13.0	14.0	15.0	16.0	17.0	18.0	19.0	20.0	21.0	22.0	23.0	24.0	25.0	26.0	27.0	28.0	29.0	30.0	31.0	32.0	33.0	34.0	35.0	36.0	37.0	38.0	39.0
D25-L001_2	2.0	8.0	6.0	10.0	14.0	21.0	44.0	496.0	2021.0	2875.0	3249.0	4420.0	6897.0	11064.0	16902.0	24081.0	33130.0	44149.0	56609.0	70154.0	86350.0	104519.0	126167.0	152414.0	188701.0	236562.0	313292.0	450364.0	767839.0	1890182.0	2424777.0
	16.0	17.0	18.0	19.0	20.0	21.0	22.0	23.0	24.0	25.0	26.0	27.0	28.0	29.0	30.0	31.0	32.0	33.0	34.0	35.0	36.0	37.0	38.0	39.0
D25-L002_1	3.0	6.0	13.0	16.0	40.0	106.0	439.0	1356.0	3378.0	6930.0	12555.0	20273.0	30852.0	44159.0	60379.0	79644.0	103107.0	132760.0	171729.0	228835.0	326953.0	541606.0	1407563.0	3816977.0
	4.0	5.0	6.0	7.0	8.0	9.0	10.0	11.0	12.0	13.0	14.0	15.0	16.0	17.0	18.0	19.0	20.0	21.0	22.0	23.0	24.0	25.0	26.0	27.0	28.0	29.0	30.0	31.0	32.0	33.0	34.0	35.0	36.0	37.0	38.0	39.0
D25-L002_2	2.0	1.0	2.0	2.0	1.0	7.0	8.0	4.0	16.0	17.0	18.0	47.0	456.0	1876.0	2687.0	2997.0	4345.0	6689.0	10404.0	15821.0	22951.0	31316.0	41897.0	53538.0	67021.0	81782.0	99422.0	120874.0	147186.0	181289.0	229920.0	304878.0	447601.0	765588.0	1916110.0	2432906.0
	16.0	17.0	18.0	19.0	20.0	21.0	22.0	23.0	24.0	25.0	26.0	27.0	28.0	29.0	30.0	31.0	32.0	33.0	34.0	35.0	36.0	37.0	38.0	39.0
D51-L001_1	4.0	21.0	69.0	30.0	56.0	176.0	712.0	2282.0	5784.0	12025.0	21524.0	35511.0	53738.0	77356.0	105573.0	139371.0	181785.0	234353.0	303579.0	405404.0	573979.0	949208.0	2380768.0	8356445.0
	9.0	10.0	11.0	12.0	13.0	14.0	15.0	16.0	17.0	18.0	19.0	20.0	21.0	22.0	23.0	24.0	25.0	26.0	27.0	28.0	29.0	30.0	31.0	32.0	33.0	34.0	35.0	36.0	37.0	38.0	39.0
D51-L001_2	3.0	4.0	9.0	13.0	24.0	18.0	88.0	1145.0	5061.0	5976.0	5176.0	4958.0	5926.0	8102.0	11438.0	17104.0	24881.0	35832.0	50122.0	68685.0	92987.0	123249.0	163118.0	215143.0	285236.0	391362.0	561802.0	877087.0	1534293.0	3385628.0	5965283.0
	16.0	17.0	18.0	19.0	20.0	21.0	22.0	23.0	24.0	25.0	26.0	27.0	28.0	29.0	30.0	31.0	32.0	33.0	34.0	35.0	36.0	37.0	38.0	39.0
D51-L002_1	4.0	30.0	39.0	29.0	48.0	170.0	656.0	2130.0	5351.0	10855.0	20001.0	32634.0	49708.0	71251.0	97564.0	130302.0	169444.0	218403.0	284162.0	381023.0	542133.0	896943.0	2282816.0	8583825.0
	4.0	5.0	6.0	7.0	8.0	9.0	10.0	11.0	12.0	13.0	14.0	15.0	16.0	17.0	18.0	19.0	20.0	21.0	22.0	23.0	24.0	25.0	26.0	27.0	28.0	29.0	30.0	31.0	32.0	33.0	34.0	35.0	36.0	37.0	38.0	39.0
D51-L002_2	3.0	3.0	6.0	6.0	7.0	8.0	13.0	19.0	14.0	21.0	26.0	90.0	1074.0	4673.0	5432.0	4841.0	4978.0	6153.0	8083.0	11437.0	16685.0	24110.0	34333.0	48667.0	66331.0	89268.0	117958.0	155898.0	204843.0	273587.0	374207.0	542514.0	862390.0	1540832.0	3467493.0	5913518.0
	16.0	17.0	18.0	19.0	20.0	21.0	22.0	23.0	24.0	25.0	26.0	27.0	28.0	29.0	30.0	31.0	32.0	33.0	34.0	35.0	36.0	37.0	38.0	39.0
D62-L001_1	2.0	19.0	48.0	27.0	36.0	161.0	503.0	1635.0	4008.0	7748.0	13729.0	21462.0	32524.0	46390.0	63695.0	84160.0	110290.0	143011.0	186948.0	250731.0	361123.0	611113.0	1633247.0	5234454.0
	8.0	9.0	10.0	11.0	12.0	13.0	14.0	15.0	16.0	17.0	18.0	19.0	20.0	21.0	22.0	23.0	24.0	25.0	26.0	27.0	28.0	29.0	30.0	31.0	32.0	33.0	34.0	35.0	36.0	37.0	38.0	39.0
D62-L001_2	1.0	1.0	5.0	7.0	9.0	10.0	12.0	46.0	606.0	2855.0	4019.0	4057.0	4080.0	4560.0	5732.0	8211.0	12114.0	16276.0	22384.0	29606.0	39661.0	52482.0	69529.0	90897.0	117878.0	154816.0	206698.0	288801.0	437371.0	782238.0	2021342.0	4430760.0
	16.0	17.0	18.0	19.0	20.0	21.0	22.0	23.0	24.0	25.0	26.0	27.0	28.0	29.0	30.0	31.0	32.0	33.0	34.0	35.0	36.0	37.0	38.0	39.0
D62-L002_1	1.0	13.0	24.0	29.0	40.0	120.0	510.0	1497.0	3665.0	7286.0	12583.0	19890.0	29815.0	42479.0	59061.0	78578.0	102941.0	133495.0	175235.0	236353.0	339940.0	577139.0	1568230.0	5357620.0
	4.0	5.0	6.0	7.0	8.0	9.0	10.0	11.0	12.0	13.0	14.0	15.0	16.0	17.0	18.0	19.0	20.0	21.0	22.0	23.0	24.0	25.0	26.0	27.0	28.0	29.0	30.0	31.0	32.0	33.0	34.0	35.0	36.0	37.0	38.0	39.0
D62-L002_2	2.0	3.0	6.0	7.0	6.0	6.0	6.0	6.0	8.0	16.0	18.0	39.0	564.0	2801.0	3642.0	3681.0	4089.0	4553.0	5660.0	7862.0	11494.0	15618.0	21129.0	28060.0	37721.0	50399.0	66043.0	86316.0	112765.0	148308.0	200020.0	279965.0	432069.0	783991.0	2037239.0	4402432.0
	16.0	17.0	18.0	19.0	20.0	21.0	22.0	23.0	24.0	25.0	26.0	27.0	28.0	29.0	30.0	31.0	32.0	33.0	34.0	35.0	36.0	37.0	38.0	39.0
D71-L001_1	5.0	36.0	122.0	94.0	78.0	248.0	878.0	2766.0	6258.0	12286.0	21014.0	33472.0	50584.0	72802.0	100335.0	133871.0	175368.0	229135.0	299441.0	402038.0	576397.0	961365.0	2460787.0	9984737.0
	9.0	10.0	11.0	12.0	13.0	14.0	15.0	16.0	17.0	18.0	19.0	20.0	21.0	22.0	23.0	24.0	25.0	26.0	27.0	28.0	29.0	30.0	31.0	32.0	33.0	34.0	35.0	36.0	37.0	38.0	39.0
D71-L001_2	5.0	6.0	12.0	16.0	7.0	19.0	55.0	686.0	4388.0	6516.0	6545.0	6395.0	6902.0	9146.0	12896.0	18715.0	25598.0	35123.0	47814.0	64512.0	86659.0	115153.0	152341.0	201679.0	272399.0	380381.0	566252.0	906068.0	1595508.0	3298399.0	7703922.0
	16.0	17.0	18.0	19.0	20.0	21.0	22.0	23.0	24.0	25.0	26.0	27.0	28.0	29.0	30.0	31.0	32.0	33.0	34.0	35.0	36.0	37.0	38.0	39.0
D71-L002_1	5.0	37.0	64.0	58.0	98.0	219.0	721.0	2426.0	5788.0	11202.0	19339.0	31255.0	47111.0	67671.0	93240.0	125156.0	164683.0	214414.0	281167.0	377985.0	544285.0	907455.0	2352996.0	10164866.0
	4.0	5.0	6.0	7.0	8.0	9.0	10.0	11.0	12.0	13.0	14.0	15.0	16.0	17.0	18.0	19.0	20.0	21.0	22.0	23.0	24.0	25.0	26.0	27.0	28.0	29.0	30.0	31.0	32.0	33.0	34.0	35.0	36.0	37.0	38.0	39.0
D71-L002_2	2.0	2.0	4.0	5.0	11.0	10.0	9.0	22.0	27.0	23.0	33.0	74.0	677.0	4325.0	5900.0	5918.0	6228.0	7161.0	9124.0	12539.0	17515.0	24684.0	33461.0	45595.0	61225.0	82649.0	109606.0	145114.0	193000.0	261290.0	366842.0	550931.0	900450.0	1614565.0	3333387.0	7619833.0
	16.0	17.0	18.0	19.0	20.0	21.0	22.0	23.0	24.0	25.0	26.0	27.0	28.0	29.0	30.0	31.0	32.0	33.0	34.0	35.0	36.0	37.0	38.0	39.0
D72-L001_1	4.0	39.0	58.0	38.0	85.0	336.0	1234.0	4005.0	8869.0	14945.0	22595.0	32579.0	45312.0	61595.0	82391.0	107801.0	139516.0	179454.0	232881.0	311619.0	445094.0	738484.0	1899715.0	6497515.0
	8.0	9.0	10.0	11.0	12.0	13.0	14.0	15.0	16.0	17.0	18.0	19.0	20.0	21.0	22.0	23.0	24.0	25.0	26.0	27.0	28.0	29.0	30.0	31.0	32.0	33.0	34.0	35.0	36.0	37.0	38.0	39.0
D72-L001_2	1.0	3.0	9.0	9.0	11.0	12.0	16.0	46.0	524.0	2784.0	4190.0	4368.0	4449.0	5640.0	8060.0	13284.0	20122.0	26401.0	32159.0	39538.0	50551.0	65463.0	84579.0	108782.0	141334.0	183592.0	245506.0	338375.0	504062.0	881601.0	2449223.0	5611470.0
	16.0	17.0	18.0	19.0	20.0	21.0	22.0	23.0	24.0	25.0	26.0	27.0	28.0	29.0	30.0	31.0	32.0	33.0	34.0	35.0	36.0	37.0	38.0	39.0
D72-L002_1	2.0	31.0	36.0	42.0	83.0	296.0	1192.0	4020.0	8660.0	13903.0	21083.0	30324.0	42141.0	57202.0	77332.0	101659.0	130718.0	168178.0	218598.0	292685.0	419130.0	699653.0	1822745.0	6656453.0
	4.0	5.0	6.0	7.0	8.0	9.0	10.0	11.0	12.0	13.0	14.0	15.0	16.0	17.0	18.0	19.0	20.0	21.0	22.0	23.0	24.0	25.0	26.0	27.0	28.0	29.0	30.0	31.0	32.0	33.0	34.0	35.0	36.0	37.0	38.0	39.0
D72-L002_2	3.0	1.0	6.0	3.0	8.0	8.0	7.0	8.0	19.0	15.0	25.0	55.0	541.0	2673.0	3815.0	3903.0	4383.0	5617.0	8459.0	13321.0	20071.0	25680.0	31388.0	38730.0	48929.0	63090.0	81244.0	105578.0	136116.0	178276.0	237690.0	331835.0	502613.0	888446.0	2455694.0	5577916.0
	16.0	17.0	18.0	19.0	20.0	21.0	22.0	23.0	24.0	25.0	26.0	27.0	28.0	29.0	30.0	31.0	32.0	33.0	34.0	35.0	36.0	37.0	38.0	39.0
D75-L001_1	4.0	71.0	142.0	104.0	90.0	196.0	581.0	1738.0	4278.0	8734.0	15016.0	24688.0	38043.0	55654.0	76812.0	104014.0	137217.0	180796.0	237973.0	320602.0	461116.0	771000.0	1974135.0	9255018.0
	8.0	9.0	10.0	11.0	12.0	13.0	14.0	15.0	16.0	17.0	18.0	19.0	20.0	21.0	22.0	23.0	24.0	25.0	26.0	27.0	28.0	29.0	30.0	31.0	32.0	33.0	34.0	35.0	36.0	37.0	38.0	39.0
D75-L001_2	1.0	1.0	5.0	13.0	11.0	17.0	13.0	36.0	385.0	3080.0	5575.0	6119.0	6347.0	6680.0	7934.0	10013.0	14276.0	19158.0	25915.0	34311.0	46186.0	61210.0	80600.0	104959.0	137010.0	180218.0	239929.0	333652.0	498985.0	869179.0	2374580.0	8601624.0
	16.0	17.0	18.0	19.0	20.0	21.0	22.0	23.0	24.0	25.0	26.0	27.0	28.0	29.0	30.0	31.0	32.0	33.0	34.0	35.0	36.0	37.0	38.0	39.0
D75-L002_1	3.0	33.0	61.0	64.0	106.0	195.0	482.0	1615.0	3978.0	7977.0	14302.0	22730.0	35194.0	51575.0	71646.0	96977.0	127935.0	169222.0	222471.0	300542.0	432636.0	722909.0	1862208.0	9365162.0
	4.0	5.0	6.0	7.0	8.0	9.0	10.0	11.0	12.0	13.0	14.0	15.0	16.0	17.0	18.0	19.0	20.0	21.0	22.0	23.0	24.0	25.0	26.0	27.0	28.0	29.0	30.0	31.0	32.0	33.0	34.0	35.0	36.0	37.0	38.0	39.0
D75-L002_2	4.0	3.0	3.0	9.0	10.0	7.0	18.0	15.0	12.0	26.0	30.0	41.0	391.0	2827.0	5087.0	5922.0	6379.0	7063.0	7608.0	9870.0	13487.0	18417.0	24325.0	33168.0	43718.0	57936.0	76053.0	100451.0	131109.0	171921.0	231150.0	323098.0	494336.0	884013.0	2351517.0	8509999.0
	18.0	19.0	20.0	21.0	22.0	23.0	24.0	25.0	26.0	27.0	28.0	29.0	30.0	31.0	32.0	33.0	34.0	35.0	36.0	37.0	38.0	39.0	40.0
P187M2-S270-L001_1	1.0	2.0	9.0	62.0	180.0	434.0	882.0	1379.0	1962.0	2589.0	3169.0	3759.0	4290.0	4854.0	5493.0	6217.0	7312.0	8511.0	10913.0	15213.0	26972.0	256240.0	4490.0
	2.0	3.0	4.0	5.0	6.0	7.0	8.0	9.0	10.0	11.0	12.0	13.0	14.0	15.0	16.0	17.0	18.0	19.0	20.0	21.0	22.0	23.0	24.0	25.0	26.0	27.0	28.0	29.0	30.0	31.0	32.0	33.0	34.0	35.0	36.0	37.0	38.0	39.0
P187M2-S270-L001_2	2.0	1.0	1.0	0.0	0.0	1.0	1.0	1.0	1.0	1.0	4.0	1.0	0.0	5.0	13.0	130.0	312.0	367.0	496.0	621.0	845.0	1176.0	1617.0	1938.0	2297.0	2797.0	3277.0	3708.0	4280.0	5159.0	6001.0	7127.0	8737.0	11317.0	15787.0	24590.0	47814.0	214508.0
	17.0	18.0	19.0	20.0	21.0	22.0	23.0	24.0	25.0	26.0	27.0	28.0	29.0	30.0	31.0	32.0	33.0	34.0	35.0	36.0	37.0	38.0	39.0	40.0
P187M2-S270-L002_1	1.0	2.0	2.0	9.0	58.0	180.0	425.0	818.0	1387.0	2035.0	2528.0	3129.0	3648.0	4254.0	4763.0	5331.0	6093.0	7058.0	8488.0	10477.0	14922.0	26938.0	255724.0	6086.0
	16.0	17.0	18.0	19.0	20.0	21.0	22.0	23.0	24.0	25.0	26.0	27.0	28.0	29.0	30.0	31.0	32.0	33.0	34.0	35.0	36.0	37.0	38.0	39.0
P187M2-S270-L002_2	11.0	108.0	273.0	345.0	451.0	599.0	832.0	1104.0	1458.0	1883.0	2287.0	2605.0	3237.0	3790.0	4269.0	4848.0	5704.0	6823.0	8557.0	11013.0	15559.0	24325.0	46354.0	217921.0
	17.0	18.0	19.0	20.0	21.0	22.0	23.0	24.0	25.0	26.0	27.0	28.0	29.0	30.0	31.0	32.0	33.0	34.0	35.0	36.0	37.0	38.0	39.0
P187M2-S67-L001_1	3.0	6.0	7.0	9.0	14.0	19.0	60.0	72.0	106.0	217.0	330.0	506.0	671.0	974.0	1274.0	1711.0	2197.0	2891.0	3902.0	5542.0	8992.0	22281.0	110925.0
	16.0	17.0	18.0	19.0	20.0	21.0	22.0	23.0	24.0	25.0	26.0	27.0	28.0	29.0	30.0	31.0	32.0	33.0	34.0	35.0	36.0	37.0	38.0	39.0
P187M2-S67-L001_2	4.0	60.0	171.0	173.0	124.0	157.0	167.0	234.0	278.0	321.0	400.0	567.0	717.0	922.0	1135.0	1585.0	1966.0	2686.0	3799.0	5399.0	8193.0	13226.0	29162.0	91263.0
	17.0	18.0	19.0	20.0	21.0	22.0	23.0	24.0	25.0	26.0	27.0	28.0	29.0	30.0	31.0	32.0	33.0	34.0	35.0	36.0	37.0	38.0	39.0
P187M2-S67-L002_1	3.0	4.0	6.0	7.0	18.0	14.0	35.0	43.0	115.0	196.0	329.0	492.0	640.0	967.0	1274.0	1670.0	2249.0	2922.0	3877.0	5553.0	9114.0	21633.0	113248.0
	16.0	17.0	18.0	19.0	20.0	21.0	22.0	23.0	24.0	25.0	26.0	27.0	28.0	29.0	30.0	31.0	32.0	33.0	34.0	35.0	36.0	37.0	38.0	39.0
P187M2-S67-L002_2	4.0	46.0	187.0	148.0	145.0	147.0	169.0	212.0	282.0	372.0	442.0	568.0	727.0	943.0	1241.0	1456.0	1954.0	2687.0	3557.0	5445.0	8202.0	13412.0	28803.0	93260.0
	16.0	17.0	18.0	19.0	20.0	21.0	22.0	23.0	24.0	25.0	26.0	27.0	28.0	29.0	30.0	31.0	32.0	33.0	34.0	35.0	36.0	37.0	38.0	39.0
P187S6aM4-S69-L001_1	1.0	43.0	48.0	92.0	133.0	266.0	353.0	578.0	1085.0	2020.0	3376.0	5390.0	8052.0	11244.0	15524.0	20760.0	26712.0	35168.0	45460.0	60964.0	88090.0	144372.0	352974.0	1573693.0
	16.0	17.0	18.0	19.0	20.0	21.0	22.0	23.0	24.0	25.0	26.0	27.0	28.0	29.0	30.0	31.0	32.0	33.0	34.0	35.0	36.0	37.0	38.0	39.0
P187S6aM4-S69-L001_2	71.0	1086.0	3247.0	2914.0	2312.0	2443.0	2670.0	3393.0	4413.0	5576.0	7190.0	9038.0	11367.0	14322.0	18060.0	22703.0	28978.0	37774.0	49486.0	68755.0	103262.0	182265.0	511063.0	1304010.0
	16.0	17.0	18.0	19.0	20.0	21.0	22.0	23.0	24.0	25.0	26.0	27.0	28.0	29.0	30.0	31.0	32.0	33.0	34.0	35.0	36.0	37.0	38.0	39.0
P187S6aM4-S69-L002_1	1.0	28.0	43.0	53.0	121.0	195.0	303.0	570.0	1041.0	1877.0	3361.0	5278.0	7928.0	11211.0	15772.0	20352.0	27014.0	35315.0	46179.0	61413.0	88108.0	143298.0	341175.0	1594803.0
	16.0	17.0	18.0	19.0	20.0	21.0	22.0	23.0	24.0	25.0	26.0	27.0	28.0	29.0	30.0	31.0	32.0	33.0	34.0	35.0	36.0	37.0	38.0	39.0
P187S6aM4-S69-L002_2	69.0	1042.0	2919.0	2751.0	2358.0	2451.0	2722.0	3397.0	4416.0	5823.0	7292.0	9169.0	11577.0	14336.0	17966.0	22992.0	29318.0	38147.0	50115.0	68691.0	102506.0	181010.0	497997.0	1326375.0
	17.0	18.0	19.0	20.0	21.0	22.0	23.0	24.0	25.0	26.0	27.0	28.0	29.0	30.0	31.0	32.0	33.0	34.0	35.0	36.0	37.0	38.0	39.0
P187S6aM5-S112-L001_1	1.0	2.0	2.0	9.0	16.0	60.0	160.0	327.0	600.0	1065.0	1692.0	2440.0	3375.0	4445.0	5785.0	7535.0	9822.0	12746.0	17214.0	25514.0	44643.0	122322.0	374828.0
	2.0	3.0	4.0	5.0	6.0	7.0	8.0	9.0	10.0	11.0	12.0	13.0	14.0	15.0	16.0	17.0	18.0	19.0	20.0	21.0	22.0	23.0	24.0	25.0	26.0	27.0	28.0	29.0	30.0	31.0	32.0	33.0	34.0	35.0	36.0	37.0	38.0	39.0
P187S6aM5-S112-L001_2	231.0	31.0	7.0	6.0	9.0	4.0	3.0	5.0	3.0	4.0	3.0	3.0	1.0	7.0	70.0	596.0	764.0	461.0	392.0	463.0	599.0	732.0	987.0	1408.0	1768.0	2252.0	2750.0	3584.0	4603.0	5915.0	7751.0	10182.0	13602.0	19490.0	30835.0	58398.0	185796.0	280888.0
	16.0	17.0	18.0	19.0	20.0	21.0	22.0	23.0	24.0	25.0	26.0	27.0	28.0	29.0	30.0	31.0	32.0	33.0	34.0	35.0	36.0	37.0	38.0	39.0
P187S6aM5-S112-L002_1	1.0	2.0	4.0	4.0	11.0	18.0	53.0	111.0	313.0	596.0	1007.0	1505.0	2206.0	3138.0	4092.0	5479.0	6914.0	9240.0	11858.0	16181.0	23875.0	41641.0	116755.0	408871.0
	2.0	3.0	4.0	5.0	6.0	7.0	8.0	9.0	10.0	11.0	12.0	13.0	14.0	15.0	16.0	17.0	18.0	19.0	20.0	21.0	22.0	23.0	24.0	25.0	26.0	27.0	28.0	29.0	30.0	31.0	32.0	33.0	34.0	35.0	36.0	37.0	38.0	39.0
P187S6aM5-S112-L002_2	213.0	29.0	8.0	11.0	9.0	3.0	11.0	5.0	3.0	7.0	11.0	6.0	2.0	7.0	71.0	555.0	651.0	360.0	260.0	282.0	335.0	473.0	717.0	1031.0	1311.0	1696.0	2156.0	2930.0	3868.0	5059.0	6936.0	9170.0	12694.0	18167.0	28174.0	54314.0	179912.0	322428.0
	16.0	17.0	18.0	19.0	20.0	21.0	22.0	23.0	24.0	25.0	26.0	27.0	28.0	29.0	30.0	31.0	32.0	33.0	34.0	35.0	36.0	37.0	38.0	39.0
P187S6bM4-S70-L001_1	2.0	21.0	25.0	74.0	146.0	226.0	380.0	683.0	1262.0	2128.0	3745.0	5760.0	8947.0	12415.0	17269.0	22991.0	29992.0	38670.0	50403.0	67397.0	97207.0	160649.0	411463.0	1429972.0
	15.0	16.0	17.0	18.0	19.0	20.0	21.0	22.0	23.0	24.0	25.0	26.0	27.0	28.0	29.0	30.0	31.0	32.0	33.0	34.0	35.0	36.0	37.0	38.0	39.0
P187S6bM4-S70-L001_2	1.0	124.0	1895.0	4561.0	4154.0	3971.0	4488.0	5577.0	7330.0	9488.0	12238.0	15396.0	18892.0	23135.0	28814.0	35708.0	45412.0	60231.0	86267.0	121146.0	149395.0	177469.0	245063.0	449399.0	851673.0
	17.0	18.0	19.0	20.0	21.0	22.0	23.0	24.0	25.0	26.0	27.0	28.0	29.0	30.0	31.0	32.0	33.0	34.0	35.0	36.0	37.0	38.0	39.0
P187S6bM4-S70-L002_1	20.0	33.0	54.0	116.0	219.0	322.0	616.0	1159.0	2095.0	3713.0	5958.0	8865.0	12548.0	17133.0	23095.0	30067.0	39039.0	50368.0	67524.0	96846.0	158813.0	400216.0	1451984.0
	16.0	17.0	18.0	19.0	20.0	21.0	22.0	23.0	24.0	25.0	26.0	27.0	28.0	29.0	30.0	31.0	32.0	33.0	34.0	35.0	36.0	37.0	38.0	39.0
P187S6bM4-S70-L002_2	136.0	1804.0	4383.0	4387.0	4197.0	4736.0	5686.0	7565.0	9648.0	12585.0	15454.0	19244.0	23199.0	28872.0	35805.0	45533.0	60908.0	86301.0	121368.0	147983.0	177136.0	243191.0	437797.0	872885.0
	16.0	17.0	18.0	19.0	20.0	21.0	22.0	23.0	24.0	25.0	26.0	27.0	28.0	29.0	30.0	31.0	32.0	33.0	34.0	35.0	36.0	37.0	38.0	39.0
P187S6bM5-S113-L001_1	1.0	4.0	6.0	12.0	23.0	70.0	152.0	424.0	927.0	1680.0	3030.0	4836.0	7227.0	10443.0	14141.0	18796.0	23924.0	31653.0	41643.0	57384.0	84830.0	153083.0	461232.0	849722.0
	2.0	3.0	4.0	5.0	6.0	7.0	8.0	9.0	10.0	11.0	12.0	13.0	14.0	15.0	16.0	17.0	18.0	19.0	20.0	21.0	22.0	23.0	24.0	25.0	26.0	27.0	28.0	29.0	30.0	31.0	32.0	33.0	34.0	35.0	36.0	37.0	38.0	39.0
P187S6bM5-S113-L001_2	615.0	69.0	22.0	21.0	23.0	18.0	10.0	16.0	9.0	12.0	3.0	12.0	8.0	12.0	296.0	2170.0	2484.0	1582.0	1655.0	2220.0	3140.0	4542.0	6498.0	8965.0	11890.0	15670.0	20163.0	26637.0	34702.0	47551.0	70913.0	118306.0	193647.0	241487.0	234301.0	226688.0	245541.0	243345.0
	16.0	17.0	18.0	19.0	20.0	21.0	22.0	23.0	24.0	25.0	26.0	27.0	28.0	29.0	30.0	31.0	32.0	33.0	34.0	35.0	36.0	37.0	38.0	39.0
P187S6bM5-S113-L002_1	1.0	12.0	4.0	11.0	22.0	51.0	114.0	350.0	734.0	1517.0	2742.0	4523.0	6793.0	9543.0	13253.0	17301.0	22715.0	29349.0	38351.0	52697.0	78975.0	141767.0	447211.0	945802.0
	2.0	3.0	4.0	5.0	6.0	7.0	8.0	9.0	10.0	11.0	12.0	13.0	14.0	15.0	16.0	17.0	18.0	19.0	20.0	21.0	22.0	23.0	24.0	25.0	26.0	27.0	28.0	29.0	30.0	31.0	32.0	33.0	34.0	35.0	36.0	37.0	38.0	39.0
P187S6bM5-S113-L002_2	632.0	65.0	24.0	24.0	18.0	11.0	20.0	21.0	19.0	26.0	16.0	12.0	19.0	18.0	345.0	2055.0	2351.0	1425.0	1357.0	1774.0	2612.0	3936.0	5736.0	7949.0	10915.0	14317.0	18686.0	24945.0	33066.0	45707.0	69524.0	117293.0	197795.0	250444.0	243390.0	235391.0	250964.0	270936.0
	16.0	17.0	18.0	19.0	20.0	21.0	22.0	23.0	24.0	25.0	26.0	27.0	28.0	29.0	30.0	31.0	32.0	33.0	34.0	35.0	36.0	37.0	38.0	39.0
P187S6cM4-S71-L001_1	2.0	38.0	56.0	112.0	185.0	309.0	451.0	669.0	1278.0	2346.0	3998.0	6345.0	9232.0	12979.0	17703.0	23960.0	30964.0	40420.0	53755.0	71803.0	102912.0	166943.0	406380.0	1809564.0
	15.0	16.0	17.0	18.0	19.0	20.0	21.0	22.0	23.0	24.0	25.0	26.0	27.0	28.0	29.0	30.0	31.0	32.0	33.0	34.0	35.0	36.0	37.0	38.0	39.0
P187S6cM4-S71-L001_2	1.0	63.0	1308.0	3892.0	3770.0	3009.0	3021.0	3613.0	4434.0	5891.0	7608.0	9680.0	11925.0	15029.0	19153.0	24135.0	30671.0	39580.0	51000.0	68856.0	96292.0	148787.0	266348.0	620626.0	1323712.0
	16.0	17.0	18.0	19.0	20.0	21.0	22.0	23.0	24.0	25.0	26.0	27.0	28.0	29.0	30.0	31.0	32.0	33.0	34.0	35.0	36.0	37.0	38.0	39.0
P187S6cM4-S71-L002_1	3.0	31.0	50.0	62.0	127.0	275.0	398.0	678.0	1246.0	2298.0	3998.0	6257.0	9160.0	13298.0	17539.0	23951.0	30846.0	40586.0	52896.0	71615.0	102011.0	166655.0	393351.0	1842734.0
	15.0	16.0	17.0	18.0	19.0	20.0	21.0	22.0	23.0	24.0	25.0	26.0	27.0	28.0	29.0	30.0	31.0	32.0	33.0	34.0	35.0	36.0	37.0	38.0	39.0
P187S6cM4-S71-L002_2	1.0	76.0	1393.0	3686.0	3624.0	3107.0	3201.0	3708.0	4563.0	6169.0	7866.0	9848.0	12311.0	15514.0	19198.0	24041.0	30773.0	39537.0	51397.0	68574.0	96428.0	148017.0	264597.0	612407.0	1350029.0
	19.0	20.0	21.0	22.0	23.0	24.0	25.0	26.0	27.0	28.0	29.0	30.0	31.0	32.0	33.0	34.0	35.0	36.0	37.0	38.0	39.0
P187S6cM5-S114-L001_1	2.0	8.0	14.0	43.0	107.0	232.0	432.0	729.0	1107.0	1743.0	2440.0	3191.0	4207.0	5536.0	7191.0	9217.0	12670.0	18635.0	32327.0	89221.0	262594.0
	2.0	3.0	4.0	5.0	6.0	7.0	8.0	9.0	10.0	11.0	12.0	13.0	14.0	15.0	16.0	17.0	18.0	19.0	20.0	21.0	22.0	23.0	24.0	25.0	26.0	27.0	28.0	29.0	30.0	31.0	32.0	33.0	34.0	35.0	36.0	37.0	38.0	39.0
P187S6cM5-S114-L001_2	171.0	14.0	9.0	8.0	3.0	4.0	2.0	3.0	4.0	3.0	3.0	1.0	1.0	4.0	59.0	448.0	550.0	446.0	365.0	415.0	562.0	741.0	955.0	1304.0	1692.0	2131.0	2723.0	3358.0	4519.0	5861.0	7510.0	10250.0	13834.0	20899.0	35287.0	69524.0	137202.0	130781.0
	17.0	18.0	19.0	20.0	21.0	22.0	23.0	24.0	25.0	26.0	27.0	28.0	29.0	30.0	31.0	32.0	33.0	34.0	35.0	36.0	37.0	38.0	39.0
P187S6cM5-S114-L002_1	3.0	0.0	2.0	3.0	5.0	34.0	96.0	194.0	387.0	660.0	1042.0	1521.0	2089.0	2973.0	3757.0	4919.0	6609.0	8514.0	11616.0	17013.0	30293.0	85293.0	285674.0
	2.0	3.0	4.0	5.0	6.0	7.0	8.0	9.0	10.0	11.0	12.0	13.0	14.0	15.0	16.0	17.0	18.0	19.0	20.0	21.0	22.0	23.0	24.0	25.0	26.0	27.0	28.0	29.0	30.0	31.0	32.0	33.0	34.0	35.0	36.0	37.0	38.0	39.0
P187S6cM5-S114-L002_2	136.0	10.0	14.0	5.0	6.0	1.0	7.0	3.0	2.0	5.0	4.0	4.0	2.0	6.0	62.0	439.0	491.0	320.0	250.0	258.0	311.0	456.0	639.0	898.0	1279.0	1643.0	2143.0	2955.0	3820.0	5140.0	6798.0	9294.0	12965.0	19601.0	33146.0	67882.0	143427.0	148275.0
	16.0	17.0	18.0	19.0	20.0	21.0	22.0	23.0	24.0	25.0	26.0	27.0	28.0	29.0	30.0	31.0	32.0	33.0	34.0	35.0	36.0	37.0	38.0	39.0
P187S6dM4-S72-L001_1	2.0	18.0	57.0	74.0	145.0	263.0	351.0	643.0	1084.0	2013.0	3418.0	5152.0	7727.0	10568.0	14425.0	19430.0	25131.0	32875.0	43168.0	57704.0	82401.0	134718.0	325887.0	1408287.0
	16.0	17.0	18.0	19.0	20.0	21.0	22.0	23.0	24.0	25.0	26.0	27.0	28.0	29.0	30.0	31.0	32.0	33.0	34.0	35.0	36.0	37.0	38.0	39.0
P187S6dM4-S72-L001_2	106.0	1382.0	2849.0	2433.0	2244.0	2489.0	3219.0	4070.0	5285.0	7095.0	8806.0	10607.0	13120.0	15878.0	19712.0	24572.0	30328.0	38669.0	49857.0	67176.0	98915.0	170398.0	443721.0	1152610.0
	16.0	17.0	18.0	19.0	20.0	21.0	22.0	23.0	24.0	25.0	26.0	27.0	28.0	29.0	30.0	31.0	32.0	33.0	34.0	35.0	36.0	37.0	38.0	39.0
P187S6dM4-S72-L002_1	3.0	18.0	38.0	50.0	96.0	215.0	312.0	521.0	1049.0	1841.0	3346.0	5231.0	7659.0	10847.0	14652.0	19260.0	25458.0	32771.0	43268.0	57942.0	81966.0	134621.0	315831.0	1430777.0
	16.0	17.0	18.0	19.0	20.0	21.0	22.0	23.0	24.0	25.0	26.0	27.0	28.0	29.0	30.0	31.0	32.0	33.0	34.0	35.0	36.0	37.0	38.0	39.0
P187S6dM4-S72-L002_2	113.0	1276.0	2841.0	2486.0	2183.0	2586.0	3144.0	4279.0	5715.0	7420.0	8941.0	10702.0	13043.0	16334.0	20148.0	24630.0	30671.0	38507.0	49862.0	67334.0	98559.0	169314.0	435536.0	1172148.0
	16.0	17.0	18.0	19.0	20.0	21.0	22.0	23.0	24.0	25.0	26.0	27.0	28.0	29.0	30.0	31.0	32.0	33.0	34.0	35.0	36.0	37.0	38.0	39.0
P187S6eM4-S73-L001_1	2.0	19.0	33.0	57.0	99.0	144.0	234.0	336.0	660.0	1097.0	1916.0	2935.0	4542.0	6594.0	9038.0	12103.0	16236.0	20716.0	27356.0	36860.0	52554.0	86390.0	210597.0	911122.0
	16.0	17.0	18.0	19.0	20.0	21.0	22.0	23.0	24.0	25.0	26.0	27.0	28.0	29.0	30.0	31.0	32.0	33.0	34.0	35.0	36.0	37.0	38.0	39.0
P187S6eM4-S73-L001_2	50.0	899.0	2184.0	1835.0	1487.0	1739.0	2108.0	2672.0	3458.0	4544.0	5662.0	7312.0	8863.0	11244.0	14100.0	17632.0	22732.0	29516.0	39719.0	57188.0	87194.0	148161.0	317325.0	614016.0
	16.0	17.0	18.0	19.0	20.0	21.0	22.0	23.0	24.0	25.0	26.0	27.0	28.0	29.0	30.0	31.0	32.0	33.0	34.0	35.0	36.0	37.0	38.0	39.0
P187S6eM4-S73-L002_1	1.0	20.0	33.0	34.0	64.0	130.0	175.0	329.0	573.0	1015.0	1790.0	2884.0	4379.0	6504.0	8896.0	12423.0	15935.0	20933.0	27443.0	36828.0	52249.0	85722.0	203986.0	925934.0
	16.0	17.0	18.0	19.0	20.0	21.0	22.0	23.0	24.0	25.0	26.0	27.0	28.0	29.0	30.0	31.0	32.0	33.0	34.0	35.0	36.0	37.0	38.0	39.0
P187S6eM4-S73-L002_2	52.0	836.0	2016.0	1802.0	1654.0	1650.0	2217.0	2793.0	3452.0	4639.0	5792.0	7266.0	9228.0	11490.0	14335.0	17977.0	22590.0	29112.0	39773.0	57018.0	86836.0	146674.0	312930.0	626148.0
	16.0	17.0	18.0	19.0	20.0	21.0	22.0	23.0	24.0	25.0	26.0	27.0	28.0	29.0	30.0	31.0	32.0	33.0	34.0	35.0	36.0	37.0	38.0	39.0
P187bM3-L001_1	1.0	15.0	37.0	29.0	39.0	76.0	144.0	265.0	620.0	1089.0	1916.0	3075.0	4339.0	6014.0	7942.0	9907.0	12288.0	15478.0	19212.0	24441.0	33873.0	52335.0	116919.0	1007470.0
	16.0	17.0	18.0	19.0	20.0	21.0	22.0	23.0	24.0	25.0	26.0	27.0	28.0	29.0	30.0	31.0	32.0	33.0	34.0	35.0	36.0	37.0	38.0	39.0
P187bM3-S498-L001_1	1.0	15.0	37.0	29.0	39.0	76.0	144.0	265.0	620.0	1089.0	1916.0	3075.0	4339.0	6014.0	7942.0	9907.0	12288.0	15478.0	19212.0	24441.0	33873.0	52335.0	116919.0	1007470.0
	14.0	15.0	16.0	17.0	18.0	19.0	20.0	21.0	22.0	23.0	24.0	25.0	26.0	27.0	28.0	29.0	30.0	31.0	32.0	33.0	34.0	35.0	36.0	37.0	38.0	39.0
P187bM3-S498-L001_2	1.0	1.0	11.0	158.0	599.0	1023.0	1181.0	1274.0	1582.0	1968.0	2536.0	3178.0	4104.0	5164.0	6032.0	7332.0	8864.0	10809.0	12977.0	15776.0	19557.0	25681.0	35745.0	56304.0	129171.0	966496.0
	17.0	18.0	19.0	20.0	21.0	22.0	23.0	24.0	25.0	26.0	27.0	28.0	29.0	30.0	31.0	32.0	33.0	34.0	35.0	36.0	37.0	38.0	39.0
P187bM3-S498-L002_1	6.0	17.0	34.0	43.0	47.0	123.0	245.0	562.0	1052.0	1864.0	3011.0	4305.0	5911.0	7647.0	9751.0	12265.0	15333.0	18967.0	24390.0	33195.0	51115.0	105246.0	1019377.0
	15.0	16.0	17.0	18.0	19.0	20.0	21.0	22.0	23.0	24.0	25.0	26.0	27.0	28.0	29.0	30.0	31.0	32.0	33.0	34.0	35.0	36.0	37.0	38.0	39.0
P187bM3-S498-L002_2	1.0	20.0	204.0	668.0	999.0	1184.0	1374.0	1663.0	2001.0	2569.0	3184.0	4181.0	5213.0	6367.0	7493.0	8868.0	10572.0	12791.0	15817.0	20004.0	25710.0	35994.0	56651.0	124080.0	966898.0
	16.0	17.0	18.0	19.0	20.0	21.0	22.0	23.0	24.0	25.0	26.0	27.0	28.0	29.0	30.0	31.0	32.0	33.0	34.0	35.0	36.0	37.0	38.0	39.0
P187cM3-L001_1	1.0	7.0	22.0	24.0	33.0	43.0	98.0	236.0	410.0	906.0	1401.0	2186.0	3096.0	4296.0	5776.0	6996.0	9008.0	11218.0	13716.0	17665.0	24207.0	37240.0	82774.0	679340.0
	16.0	17.0	18.0	19.0	20.0	21.0	22.0	23.0	24.0	25.0	26.0	27.0	28.0	29.0	30.0	31.0	32.0	33.0	34.0	35.0	36.0	37.0	38.0	39.0
P187cM3-S499-L001_1	1.0	7.0	22.0	24.0	33.0	43.0	98.0	236.0	410.0	906.0	1401.0	2186.0	3096.0	4296.0	5776.0	6996.0	9008.0	11218.0	13716.0	17665.0	24207.0	37240.0	82774.0	679340.0
	15.0	16.0	17.0	18.0	19.0	20.0	21.0	22.0	23.0	24.0	25.0	26.0	27.0	28.0	29.0	30.0	31.0	32.0	33.0	34.0	35.0	36.0	37.0	38.0	39.0
P187cM3-S499-L001_2	1.0	9.0	130.0	485.0	637.0	677.0	807.0	1029.0	1210.0	1622.0	2243.0	2729.0	3393.0	4279.0	5047.0	6247.0	7503.0	9689.0	12583.0	17239.0	22990.0	33922.0	52076.0	96341.0	617811.0
	16.0	17.0	18.0	19.0	20.0	21.0	22.0	23.0	24.0	25.0	26.0	27.0	28.0	29.0	30.0	31.0	32.0	33.0	34.0	35.0	36.0	37.0	38.0	39.0
P187cM3-S499-L002_1	1.0	3.0	16.0	19.0	25.0	40.0	65.0	191.0	420.0	791.0	1290.0	2176.0	3133.0	4173.0	5505.0	6996.0	8844.0	10812.0	13495.0	17441.0	23625.0	36224.0	75075.0	686473.0
	16.0	17.0	18.0	19.0	20.0	21.0	22.0	23.0	24.0	25.0	26.0	27.0	28.0	29.0	30.0	31.0	32.0	33.0	34.0	35.0	36.0	37.0	38.0	39.0
P187cM3-S499-L002_2	8.0	121.0	479.0	681.0	679.0	833.0	963.0	1309.0	1696.0	2230.0	2823.0	3483.0	4072.0	5020.0	6194.0	7869.0	9693.0	12941.0	17286.0	23424.0	33672.0	52287.0	93292.0	615778.0
	16.0	17.0	18.0	19.0	20.0	21.0	22.0	23.0	24.0	25.0	26.0	27.0	28.0	29.0	30.0	31.0	32.0	33.0	34.0	35.0	36.0	37.0	38.0	39.0
P187cM3-S68-L001_1	1.0	36.0	52.0	109.0	154.0	294.0	437.0	732.0	1363.0	2410.0	4068.0	6491.0	9813.0	13990.0	19308.0	25917.0	34061.0	44792.0	59124.0	79224.0	113140.0	186897.0	454822.0	2200070.0
	15.0	16.0	17.0	18.0	19.0	20.0	21.0	22.0	23.0	24.0	25.0	26.0	27.0	28.0	29.0	30.0	31.0	32.0	33.0	34.0	35.0	36.0	37.0	38.0	39.0
P187cM3-S68-L001_2	1.0	60.0	1028.0	2687.0	2421.0	2344.0	2891.0	3592.0	4603.0	6325.0	8161.0	10590.0	13519.0	17011.0	21327.0	27071.0	34773.0	46157.0	63596.0	87208.0	121363.0	178823.0	275952.0	590161.0	1735641.0
	16.0	17.0	18.0	19.0	20.0	21.0	22.0	23.0	24.0	25.0	26.0	27.0	28.0	29.0	30.0	31.0	32.0	33.0	34.0	35.0	36.0	37.0	38.0	39.0
P187cM3-S68-L002_1	7.0	26.0	31.0	66.0	118.0	207.0	379.0	704.0	1261.0	2301.0	4090.0	6430.0	9657.0	14124.0	19300.0	25996.0	34259.0	44687.0	58612.0	78987.0	113021.0	184995.0	438299.0	2229372.0
	15.0	16.0	17.0	18.0	19.0	20.0	21.0	22.0	23.0	24.0	25.0	26.0	27.0	28.0	29.0	30.0	31.0	32.0	33.0	34.0	35.0	36.0	37.0	38.0	39.0
P187cM3-S68-L002_2	1.0	51.0	968.0	2378.0	2431.0	2433.0	2947.0	3517.0	4779.0	6475.0	8455.0	10791.0	13496.0	17391.0	21573.0	27305.0	34859.0	46384.0	63001.0	86856.0	120296.0	178468.0	274685.0	576670.0	1760719.0
	17.0	18.0	19.0	20.0	21.0	22.0	23.0	24.0	25.0	26.0	27.0	28.0	29.0	30.0	31.0	32.0	33.0	34.0	35.0	36.0	37.0	38.0	39.0	40.0
P212M2-S271-L001_1	5.0	5.0	12.0	49.0	266.0	895.0	2169.0	4118.0	6425.0	9479.0	12442.0	15280.0	18219.0	20949.0	23712.0	27050.0	30674.0	35419.0	41889.0	52004.0	72554.0	129169.0	1289216.0	23980.0
	2.0	3.0	4.0	5.0	6.0	7.0	8.0	9.0	10.0	11.0	12.0	13.0	14.0	15.0	16.0	17.0	18.0	19.0	20.0	21.0	22.0	23.0	24.0	25.0	26.0	27.0	28.0	29.0	30.0	31.0	32.0	33.0	34.0	35.0	36.0	37.0	38.0	39.0
P212M2-S271-L001_2	19.0	6.0	2.0	2.0	6.0	2.0	1.0	3.0	5.0	5.0	6.0	6.0	6.0	9.0	45.0	481.0	1312.0	1625.0	2263.0	2941.0	3880.0	5185.0	6712.0	8639.0	10674.0	12941.0	15393.0	17502.0	20747.0	23447.0	27438.0	32210.0	38042.0	47602.0	63124.0	96707.0	220011.0	1156981.0
	17.0	18.0	19.0	20.0	21.0	22.0	23.0	24.0	25.0	26.0	27.0	28.0	29.0	30.0	31.0	32.0	33.0	34.0	35.0	36.0	37.0	38.0	39.0	40.0
P212M2-S271-L002_1	1.0	2.0	5.0	46.0	232.0	814.0	2062.0	4118.0	6612.0	9583.0	12681.0	15543.0	18275.0	20994.0	23548.0	27389.0	30613.0	35273.0	41871.0	52425.0	72964.0	131953.0	1309289.0	32563.0
	15.0	16.0	17.0	18.0	19.0	20.0	21.0	22.0	23.0	24.0	25.0	26.0	27.0	28.0	29.0	30.0	31.0	32.0	33.0	34.0	35.0	36.0	37.0	38.0	39.0
P212M2-S271-L002_2	1.0	38.0	475.0	1171.0	1529.0	2059.0	2736.0	3686.0	4867.0	6597.0	8568.0	10482.0	12720.0	15273.0	17677.0	20638.0	23539.0	27293.0	32058.0	38139.0	47463.0	64251.0	96785.0	217972.0	1192839.0
	17.0	18.0	19.0	20.0	21.0	22.0	23.0	24.0	25.0	26.0	27.0	28.0	29.0	30.0	31.0	32.0	33.0	34.0	35.0	36.0	37.0	38.0	39.0
P212S6aM4-S76-L001_1	11.0	22.0	80.0	145.0	246.0	363.0	514.0	742.0	1250.0	2064.0	3249.0	4885.0	7012.0	9811.0	13175.0	17299.0	22438.0	29970.0	39959.0	58192.0	95983.0	239003.0	1040806.0
	16.0	17.0	18.0	19.0	20.0	21.0	22.0	23.0	24.0	25.0	26.0	27.0	28.0	29.0	30.0	31.0	32.0	33.0	34.0	35.0	36.0	37.0	38.0	39.0
P212S6aM4-S76-L001_2	61.0	1127.0	3308.0	2884.0	2158.0	2287.0	2502.0	3066.0	3661.0	4663.0	5664.0	6993.0	8860.0	11051.0	14000.0	17478.0	21828.0	28966.0	37905.0	53840.0	80874.0	139409.0	333649.0	800985.0
	16.0	17.0	18.0	19.0	20.0	21.0	22.0	23.0	24.0	25.0	26.0	27.0	28.0	29.0	30.0	31.0	32.0	33.0	34.0	35.0	36.0	37.0	38.0	39.0
P212S6aM4-S76-L002_1	1.0	14.0	24.0	60.0	85.0	226.0	255.0	411.0	675.0	1185.0	1983.0	3269.0	4780.0	7059.0	9650.0	13084.0	17195.0	22166.0	29915.0	40194.0	57793.0	95352.0	230638.0	1056688.0
	15.0	16.0	17.0	18.0	19.0	20.0	21.0	22.0	23.0	24.0	25.0	26.0	27.0	28.0	29.0	30.0	31.0	32.0	33.0	34.0	35.0	36.0	37.0	38.0	39.0
P212S6aM4-S76-L002_2	1.0	47.0	1116.0	3180.0	2899.0	2203.0	2258.0	2431.0	2990.0	3764.0	4631.0	5847.0	7242.0	9030.0	11127.0	13856.0	17555.0	21923.0	28447.0	37941.0	52715.0	80219.0	138300.0	326528.0	816452.0
	17.0	18.0	19.0	20.0	21.0	22.0	23.0	24.0	25.0	26.0	27.0	28.0	29.0	30.0	31.0	32.0	33.0	34.0	35.0	36.0	37.0	38.0	39.0
P212S6aM5-S115-L001_1	2.0	2.0	4.0	12.0	24.0	61.0	145.0	323.0	614.0	1046.0	1603.0	2293.0	3431.0	4583.0	6096.0	7808.0	10365.0	13702.0	18528.0	27278.0	47855.0	137192.0	305431.0
	2.0	3.0	4.0	5.0	6.0	7.0	8.0	9.0	10.0	11.0	12.0	13.0	14.0	15.0	16.0	17.0	18.0	19.0	20.0	21.0	22.0	23.0	24.0	25.0	26.0	27.0	28.0	29.0	30.0	31.0	32.0	33.0	34.0	35.0	36.0	37.0	38.0	39.0
P212S6aM5-S115-L001_2	200.0	29.0	10.0	7.0	10.0	7.0	6.0	2.0	0.0	1.0	2.0	3.0	8.0	3.0	117.0	868.0	990.0	629.0	580.0	673.0	882.0	1234.0	1571.0	2257.0	2910.0	3865.0	4888.0	6205.0	8242.0	10457.0	14076.0	18966.0	26783.0	41268.0	69875.0	112011.0	142779.0	115984.0
	17.0	18.0	19.0	20.0	21.0	22.0	23.0	24.0	25.0	26.0	27.0	28.0	29.0	30.0	31.0	32.0	33.0	34.0	35.0	36.0	37.0	38.0	39.0
P212S6aM5-S115-L002_1	1.0	0.0	3.0	5.0	30.0	49.0	103.0	250.0	496.0	930.0	1471.0	2142.0	3040.0	4186.0	5564.0	7319.0	9483.0	12747.0	17002.0	25415.0	45289.0	132914.0	336037.0
	2.0	3.0	4.0	5.0	6.0	7.0	8.0	9.0	10.0	11.0	12.0	13.0	14.0	15.0	16.0	17.0	18.0	19.0	20.0	21.0	22.0	23.0	24.0	25.0	26.0	27.0	28.0	29.0	30.0	31.0	32.0	33.0	34.0	35.0	36.0	37.0	38.0	39.0
P212S6aM5-S115-L002_2	208.0	29.0	9.0	12.0	6.0	5.0	4.0	4.0	4.0	5.0	7.0	7.0	2.0	5.0	115.0	807.0	946.0	515.0	455.0	471.0	645.0	923.0	1286.0	1791.0	2460.0	3256.0	4377.0	5560.0	7564.0	9971.0	13157.0	17967.0	25877.0	40006.0	69163.0	115164.0	152461.0	129232.0
	16.0	17.0	18.0	19.0	20.0	21.0	22.0	23.0	24.0	25.0	26.0	27.0	28.0	29.0	30.0	31.0	32.0	33.0	34.0	35.0	36.0	37.0	38.0	39.0
P212S6bM4-S77-L001_1	3.0	56.0	113.0	246.0	330.0	543.0	761.0	1000.0	1532.0	2703.0	4226.0	6553.0	9574.0	13713.0	18898.0	25392.0	33488.0	43221.0	56947.0	76453.0	109648.0	180385.0	448830.0	1942191.0
	15.0	16.0	17.0	18.0	19.0	20.0	21.0	22.0	23.0	24.0	25.0	26.0	27.0	28.0	29.0	30.0	31.0	32.0	33.0	34.0	35.0	36.0	37.0	38.0	39.0
P212S6bM4-S77-L001_2	1.0	37.0	1187.0	4573.0	4641.0	3905.0	3949.0	4143.0	4785.0	6003.0	7410.0	9327.0	11872.0	15139.0	19174.0	24663.0	31201.0	41335.0	55358.0	77305.0	110248.0	164075.0	281833.0	619908.0	1474734.0
	16.0	17.0	18.0	19.0	20.0	21.0	22.0	23.0	24.0	25.0	26.0	27.0	28.0	29.0	30.0	31.0	32.0	33.0	34.0	35.0	36.0	37.0	38.0	39.0
P212S6bM4-S77-L002_1	4.0	40.0	79.0	126.0	249.0	459.0	595.0	836.0	1412.0	2347.0	3952.0	6250.0	9478.0	13708.0	18685.0	25178.0	33100.0	42890.0	56152.0	76314.0	109167.0	178774.0	433830.0	1977029.0
	16.0	17.0	18.0	19.0	20.0	21.0	22.0	23.0	24.0	25.0	26.0	27.0	28.0	29.0	30.0	31.0	32.0	33.0	34.0	35.0	36.0	37.0	38.0	39.0
P212S6bM4-S77-L002_2	50.0	1233.0	4368.0	4807.0	3987.0	3935.0	4161.0	4818.0	6068.0	7748.0	9705.0	12099.0	15443.0	19254.0	24672.0	31523.0	40565.0	55591.0	76779.0	109827.0	162132.0	276581.0	603431.0	1511877.0
	17.0	18.0	19.0	20.0	21.0	22.0	23.0	24.0	25.0	26.0	27.0	28.0	29.0	30.0	31.0	32.0	33.0	34.0	35.0	36.0	37.0	38.0	39.0
P212S6bM5-S116-L001_1	1.0	2.0	4.0	13.0	19.0	63.0	163.0	288.0	590.0	1042.0	1596.0	2135.0	3034.0	3981.0	5118.0	6562.0	8581.0	11202.0	15279.0	22664.0	39846.0	113619.0	278526.0
	2.0	3.0	4.0	5.0	6.0	7.0	8.0	9.0	10.0	11.0	12.0	13.0	14.0	15.0	16.0	17.0	18.0	19.0	20.0	21.0	22.0	23.0	24.0	25.0	26.0	27.0	28.0	29.0	30.0	31.0	32.0	33.0	34.0	35.0	36.0	37.0	38.0	39.0
P212S6bM5-S116-L001_2	180.0	19.0	10.0	7.0	7.0	6.0	4.0	6.0	3.0	2.0	1.0	3.0	3.0	5.0	50.0	615.0	847.0	517.0	427.0	519.0	593.0	898.0	1221.0	1650.0	2309.0	2939.0	3974.0	5182.0	6772.0	9506.0	13378.0	20836.0	34987.0	51948.0	61565.0	68043.0	92884.0	132412.0
	16.0	17.0	18.0	19.0	20.0	21.0	22.0	23.0	24.0	25.0	26.0	27.0	28.0	29.0	30.0	31.0	32.0	33.0	34.0	35.0	36.0	37.0	38.0	39.0
P212S6bM5-S116-L002_1	1.0	3.0	6.0	10.0	15.0	28.0	55.0	129.0	304.0	529.0	908.0	1371.0	1964.0	2615.0	3550.0	4747.0	6128.0	7750.0	10291.0	14166.0	20670.0	36765.0	109629.0	306672.0
	2.0	3.0	4.0	5.0	6.0	7.0	8.0	9.0	10.0	11.0	12.0	13.0	14.0	15.0	16.0	17.0	18.0	19.0	20.0	21.0	22.0	23.0	24.0	25.0	26.0	27.0	28.0	29.0	30.0	31.0	32.0	33.0	34.0	35.0	36.0	37.0	38.0	39.0
P212S6bM5-S116-L002_2	180.0	18.0	12.0	2.0	4.0	5.0	3.0	8.0	6.0	7.0	2.0	7.0	4.0	4.0	68.0	589.0	755.0	462.0	366.0	416.0	484.0	673.0	1022.0	1460.0	1962.0	2589.0	3331.0	4632.0	6349.0	8665.0	12662.0	20054.0	34055.0	53244.0	63509.0	69179.0	93846.0	147672.0
	16.0	17.0	18.0	19.0	20.0	21.0	22.0	23.0	24.0	25.0	26.0	27.0	28.0	29.0	30.0	31.0	32.0	33.0	34.0	35.0	36.0	37.0	38.0	39.0
P212S6cM4-S78-L001_1	1.0	31.0	61.0	147.0	277.0	486.0	670.0	957.0	1524.0	2655.0	4305.0	6803.0	10010.0	14284.0	19663.0	26278.0	34489.0	45042.0	59155.0	79052.0	112771.0	184812.0	443720.0	1899645.0
	15.0	16.0	17.0	18.0	19.0	20.0	21.0	22.0	23.0	24.0	25.0	26.0	27.0	28.0	29.0	30.0	31.0	32.0	33.0	34.0	35.0	36.0	37.0	38.0	39.0
P212S6cM4-S78-L001_2	2.0	101.0	2156.0	6511.0	5940.0	4821.0	5160.0	6163.0	7714.0	9633.0	12089.0	14956.0	18559.0	22412.0	27369.0	32875.0	40428.0	49559.0	62730.0	80603.0	108136.0	160552.0	282955.0	755204.0	1230210.0
	16.0	17.0	18.0	19.0	20.0	21.0	22.0	23.0	24.0	25.0	26.0	27.0	28.0	29.0	30.0	31.0	32.0	33.0	34.0	35.0	36.0	37.0	38.0	39.0
P212S6cM4-S78-L002_1	4.0	42.0	50.0	97.0	222.0	427.0	567.0	916.0	1400.0	2446.0	4147.0	6725.0	9946.0	14088.0	19722.0	26483.0	34617.0	44905.0	58868.0	79118.0	111894.0	184371.0	430991.0	1934134.0
	15.0	16.0	17.0	18.0	19.0	20.0	21.0	22.0	23.0	24.0	25.0	26.0	27.0	28.0	29.0	30.0	31.0	32.0	33.0	34.0	35.0	36.0	37.0	38.0	39.0
P212S6cM4-S78-L002_2	1.0	92.0	1975.0	6189.0	5816.0	4985.0	5409.0	6399.0	7997.0	10013.0	12485.0	15575.0	18678.0	22666.0	27623.0	33550.0	40323.0	50102.0	62440.0	80297.0	107207.0	158863.0	278767.0	743927.0	1264801.0
	17.0	18.0	19.0	20.0	21.0	22.0	23.0	24.0	25.0	26.0	27.0	28.0	29.0	30.0	31.0	32.0	33.0	34.0	35.0	36.0	37.0	38.0	39.0
P212S6cM5-S117-L001_1	3.0	0.0	5.0	17.0	55.0	96.0	277.0	618.0	1218.0	2081.0	3246.0	4800.0	7061.0	9234.0	12444.0	16098.0	20453.0	26991.0	36352.0	53109.0	91678.0	242982.0	567210.0
	2.0	3.0	4.0	5.0	6.0	7.0	8.0	9.0	10.0	11.0	12.0	13.0	14.0	15.0	16.0	17.0	18.0	19.0	20.0	21.0	22.0	23.0	24.0	25.0	26.0	27.0	28.0	29.0	30.0	31.0	32.0	33.0	34.0	35.0	36.0	37.0	38.0	39.0
P212S6cM5-S117-L001_2	363.0	38.0	15.0	9.0	15.0	5.0	8.0	6.0	7.0	4.0	2.0	6.0	7.0	8.0	201.0	1413.0	1844.0	1272.0	1250.0	1621.0	2251.0	3068.0	4346.0	5703.0	7169.0	9077.0	11237.0	13591.0	16722.0	20658.0	25066.0	31499.0	41456.0	56693.0	87921.0	161720.0	357356.0	232401.0
	17.0	18.0	19.0	20.0	21.0	22.0	23.0	24.0	25.0	26.0	27.0	28.0	29.0	30.0	31.0	32.0	33.0	34.0	35.0	36.0	37.0	38.0	39.0
P212S6cM5-S117-L002_1	2.0	6.0	12.0	21.0	26.0	88.0	219.0	551.0	1053.0	1895.0	2983.0	4491.0	6476.0	8611.0	11639.0	15108.0	19261.0	25043.0	34003.0	49461.0	85918.0	234056.0	625384.0
	2.0	3.0	4.0	5.0	6.0	7.0	8.0	9.0	10.0	11.0	12.0	13.0	14.0	15.0	16.0	17.0	18.0	19.0	20.0	21.0	22.0	23.0	24.0	25.0	26.0	27.0	28.0	29.0	30.0	31.0	32.0	33.0	34.0	35.0	36.0	37.0	38.0	39.0
P212S6cM5-S117-L002_2	340.0	42.0	9.0	21.0	11.0	13.0	5.0	17.0	15.0	10.0	8.0	5.0	9.0	20.0	230.0	1565.0	1690.0	1045.0	1028.0	1262.0	1803.0	2657.0	3672.0	4997.0	6360.0	8450.0	10167.0	12630.0	15534.0	19071.0	23603.0	29689.0	39153.0	54135.0	83882.0	157309.0	378381.0	267469.0
	16.0	17.0	18.0	19.0	20.0	21.0	22.0	23.0	24.0	25.0	26.0	27.0	28.0	29.0	30.0	31.0	32.0	33.0	34.0	35.0	36.0	37.0	38.0	39.0
P212S6dM4-S79-L001_1	5.0	69.0	144.0	278.0	431.0	652.0	929.0	1315.0	2054.0	3460.0	5798.0	8982.0	13135.0	18489.0	25547.0	33820.0	44268.0	57719.0	75766.0	101646.0	146369.0	240473.0	597355.0	2745960.0
	15.0	16.0	17.0	18.0	19.0	20.0	21.0	22.0	23.0	24.0	25.0	26.0	27.0	28.0	29.0	30.0	31.0	32.0	33.0	34.0	35.0	36.0	37.0	38.0	39.0
P212S6dM4-S79-L001_2	1.0	89.0	1839.0	5179.0	4840.0	4159.0	4315.0	4810.0	5723.0	7288.0	9222.0	11731.0	14613.0	18691.0	23719.0	30595.0	38344.0	50577.0	65930.0	89441.0	127297.0	197120.0	351257.0	863730.0	2194154.0
	16.0	17.0	18.0	19.0	20.0	21.0	22.0	23.0	24.0	25.0	26.0	27.0	28.0	29.0	30.0	31.0	32.0	33.0	34.0	35.0	36.0	37.0	38.0	39.0
P212S6dM4-S79-L002_1	4.0	81.0	82.0	146.0	299.0	500.0	744.0	1150.0	1897.0	3344.0	5567.0	8683.0	12837.0	18306.0	24986.0	33660.0	44270.0	57852.0	75366.0	101493.0	144522.0	239748.0	578558.0	2791082.0
	15.0	16.0	17.0	18.0	19.0	20.0	21.0	22.0	23.0	24.0	25.0	26.0	27.0	28.0	29.0	30.0	31.0	32.0	33.0	34.0	35.0	36.0	37.0	38.0	39.0
P212S6dM4-S79-L002_2	1.0	99.0	1783.0	4655.0	4676.0	4152.0	4126.0	4731.0	5977.0	7463.0	9363.0	11947.0	14927.0	19169.0	23857.0	30538.0	39011.0	50994.0	66242.0	89961.0	127605.0	196612.0	351040.0	849014.0	2227234.0
	16.0	17.0	18.0	19.0	20.0	21.0	22.0	23.0	24.0	25.0	26.0	27.0	28.0	29.0	30.0	31.0	32.0	33.0	34.0	35.0	36.0	37.0	38.0	39.0
P212S6eM4-S80-L001_1	1.0	45.0	105.0	184.0	387.0	543.0	815.0	1175.0	1953.0	3350.0	5509.0	8472.0	12495.0	17158.0	23573.0	31106.0	41011.0	53124.0	69631.0	93151.0	133677.0	220702.0	554307.0	2349661.0
	15.0	16.0	17.0	18.0	19.0	20.0	21.0	22.0	23.0	24.0	25.0	26.0	27.0	28.0	29.0	30.0	31.0	32.0	33.0	34.0	35.0	36.0	37.0	38.0	39.0
P212S6eM4-S80-L001_2	1.0	79.0	1457.0	4792.0	4672.0	4006.0	4076.0	4703.0	5771.0	7466.0	9595.0	12198.0	15169.0	18932.0	23706.0	29621.0	37480.0	47538.0	61383.0	81104.0	111758.0	170136.0	308923.0	938026.0	1719543.0
	16.0	17.0	18.0	19.0	20.0	21.0	22.0	23.0	24.0	25.0	26.0	27.0	28.0	29.0	30.0	31.0	32.0	33.0	34.0	35.0	36.0	37.0	38.0	39.0
P212S6eM4-S80-L002_1	3.0	50.0	72.0	121.0	240.0	483.0	686.0	1060.0	1827.0	3255.0	5304.0	8501.0	12296.0	17668.0	23835.0	32068.0	41640.0	53639.0	70277.0	94327.0	134508.0	222239.0	545546.0	2439536.0
	15.0	16.0	17.0	18.0	19.0	20.0	21.0	22.0	23.0	24.0	25.0	26.0	27.0	28.0	29.0	30.0	31.0	32.0	33.0	34.0	35.0	36.0	37.0	38.0	39.0
P212S6eM4-S80-L002_2	1.0	59.0	1470.0	4608.0	4712.0	3989.0	4346.0	4956.0	5840.0	7741.0	9824.0	12410.0	15568.0	19463.0	24309.0	30394.0	38537.0	48585.0	61897.0	81905.0	113283.0	170196.0	309878.0	934073.0	1801137.0
	16.0	17.0	18.0	19.0	20.0	21.0	22.0	23.0	24.0	25.0	26.0	27.0	28.0	29.0	30.0	31.0	32.0	33.0	34.0	35.0	36.0	37.0	38.0	39.0
P212aM3-S500-L001_1	3.0	7.0	49.0	53.0	57.0	89.0	150.0	360.0	719.0	1100.0	1900.0	2925.0	4231.0	5836.0	7359.0	9614.0	11845.0	14873.0	18489.0	23621.0	32897.0	50465.0	113216.0	955431.0
	15.0	16.0	17.0	18.0	19.0	20.0	21.0	22.0	23.0	24.0	25.0	26.0	27.0	28.0	29.0	30.0	31.0	32.0	33.0	34.0	35.0	36.0	37.0	38.0	39.0
P212aM3-S500-L001_2	1.0	8.0	169.0	801.0	1130.0	1288.0	1525.0	1614.0	2021.0	2526.0	3105.0	3799.0	4881.0	6028.0	7232.0	8686.0	10840.0	12890.0	15885.0	20505.0	27532.0	39494.0	67323.0	161463.0	854543.0
	17.0	18.0	19.0	20.0	21.0	22.0	23.0	24.0	25.0	26.0	27.0	28.0	29.0	30.0	31.0	32.0	33.0	34.0	35.0	36.0	37.0	38.0	39.0
P212aM3-S500-L002_1	5.0	22.0	38.0	67.0	69.0	159.0	317.0	596.0	1027.0	1662.0	2789.0	4044.0	5486.0	7408.0	9451.0	11649.0	14651.0	18350.0	23383.0	31945.0	49380.0	101984.0	969662.0
	15.0	16.0	17.0	18.0	19.0	20.0	21.0	22.0	23.0	24.0	25.0	26.0	27.0	28.0	29.0	30.0	31.0	32.0	33.0	34.0	35.0	36.0	37.0	38.0	39.0
P212aM3-S500-L002_2	1.0	12.0	187.0	769.0	1229.0	1389.0	1523.0	1803.0	2050.0	2552.0	3190.0	3887.0	4895.0	6022.0	7376.0	8652.0	10593.0	13026.0	16257.0	20678.0	27509.0	39558.0	66933.0	156657.0	857396.0
	27.0	28.0	29.0	30.0	31.0	32.0	33.0	34.0	35.0	36.0	37.0	38.0	39.0
P212aM3-S74-L001_1	3.0	4.0	4.0	3.0	6.0	7.0	11.0	15.0	20.0	33.0	48.0	126.0	563.0
	18.0	19.0	20.0	21.0	22.0	23.0	24.0	25.0	26.0	27.0	28.0	29.0	30.0	31.0	32.0	33.0	34.0	35.0	36.0	37.0	38.0	39.0
P212aM3-S74-L001_2	2.0	19.0	7.0	1.0	0.0	2.0	2.0	3.0	5.0	2.0	6.0	8.0	4.0	11.0	10.0	25.0	24.0	39.0	45.0	115.0	165.0	348.0
	22.0	23.0	24.0	25.0	26.0	27.0	28.0	29.0	30.0	31.0	32.0	33.0	34.0	35.0	36.0	37.0	38.0	39.0
P212aM3-S74-L002_1	1.0	0.0	1.0	2.0	1.0	2.0	5.0	7.0	10.0	2.0	20.0	12.0	20.0	28.0	28.0	39.0	129.0	605.0
	18.0	19.0	20.0	21.0	22.0	23.0	24.0	25.0	26.0	27.0	28.0	29.0	30.0	31.0	32.0	33.0	34.0	35.0	36.0	37.0	38.0	39.0
P212aM3-S74-L002_2	1.0	11.0	7.0	1.0	3.0	2.0	5.0	6.0	4.0	4.0	6.0	5.0	15.0	14.0	13.0	14.0	31.0	40.0	62.0	109.0	191.0	368.0
	17.0	18.0	19.0	20.0	21.0	22.0	23.0	24.0	25.0	26.0	27.0	28.0	29.0	30.0	31.0	32.0	33.0	34.0	35.0	36.0	37.0	38.0	39.0
P212bM3-S501-L001_1	8.0	39.0	40.0	37.0	77.0	126.0	288.0	566.0	1124.0	1924.0	2909.0	4202.0	5686.0	7601.0	9558.0	11933.0	14651.0	18592.0	23916.0	32664.0	51094.0	113081.0	967381.0
	15.0	16.0	17.0	18.0	19.0	20.0	21.0	22.0	23.0	24.0	25.0	26.0	27.0	28.0	29.0	30.0	31.0	32.0	33.0	34.0	35.0	36.0	37.0	38.0	39.0
P212bM3-S501-L001_2	1.0	16.0	177.0	711.0	1160.0	1147.0	1271.0	1423.0	1758.0	2242.0	2852.0	3575.0	4456.0	5576.0	6629.0	8015.0	9720.0	11877.0	14584.0	18477.0	24512.0	34719.0	55805.0	129715.0	927079.0
	16.0	17.0	18.0	19.0	20.0	21.0	22.0	23.0	24.0	25.0	26.0	27.0	28.0	29.0	30.0	31.0	32.0	33.0	34.0	35.0	36.0	37.0	38.0	39.0
P212bM3-S501-L002_1	2.0	8.0	20.0	31.0	44.0	71.0	134.0	267.0	558.0	1078.0	1836.0	2869.0	3948.0	5626.0	7478.0	9418.0	11646.0	14525.0	18200.0	23295.0	32222.0	49359.0	101573.0	980778.0
	15.0	16.0	17.0	18.0	19.0	20.0	21.0	22.0	23.0	24.0	25.0	26.0	27.0	28.0	29.0	30.0	31.0	32.0	33.0	34.0	35.0	36.0	37.0	38.0	39.0
P212bM3-S501-L002_2	2.0	21.0	199.0	728.0	1100.0	1194.0	1376.0	1481.0	1777.0	2277.0	2877.0	3599.0	4522.0	5488.0	6615.0	8100.0	9649.0	11986.0	14909.0	18993.0	24437.0	34311.0	56112.0	124154.0	929079.0
	27.0	28.0	29.0	30.0	31.0	32.0	33.0	34.0	35.0	36.0	37.0	38.0	39.0
P212bM3-S75-L001_1	1.0	0.0	3.0	1.0	3.0	3.0	7.0	7.0	17.0	22.0	24.0	72.0	319.0
	19.0	20.0	21.0	22.0	23.0	24.0	25.0	26.0	27.0	28.0	29.0	30.0	31.0	32.0	33.0	34.0	35.0	36.0	37.0	38.0	39.0
P212bM3-S75-L001_2	1.0	0.0	1.0	1.0	2.0	1.0	2.0	1.0	2.0	3.0	6.0	5.0	6.0	5.0	15.0	19.0	12.0	29.0	47.0	92.0	229.0
	24.0	25.0	26.0	27.0	28.0	29.0	30.0	31.0	32.0	33.0	34.0	35.0	36.0	37.0	38.0	39.0
P212bM3-S75-L002_1	1.0	0.0	0.0	2.0	3.0	1.0	4.0	5.0	8.0	11.0	8.0	19.0	15.0	32.0	62.0	283.0
	18.0	19.0	20.0	21.0	22.0	23.0	24.0	25.0	26.0	27.0	28.0	29.0	30.0	31.0	32.0	33.0	34.0	35.0	36.0	37.0	38.0	39.0
P212bM3-S75-L002_2	1.0	0.0	1.0	1.0	0.0	2.0	0.0	1.0	4.0	3.0	3.0	5.0	9.0	5.0	5.0	12.0	18.0	17.0	28.0	50.0	98.0	191.0
	16.0	17.0	18.0	19.0	20.0	21.0	22.0	23.0	24.0	25.0	26.0	27.0	28.0	29.0	30.0	31.0	32.0	33.0	34.0	35.0	36.0	37.0	38.0	39.0
P212cM3-S502-L001_1	1.0	15.0	55.0	64.0	103.0	153.0	248.0	549.0	993.0	1724.0	2709.0	4188.0	5907.0	7930.0	10354.0	13002.0	16062.0	19637.0	24722.0	31384.0	43089.0	66249.0	149074.0	1204267.0
	15.0	16.0	17.0	18.0	19.0	20.0	21.0	22.0	23.0	24.0	25.0	26.0	27.0	28.0	29.0	30.0	31.0	32.0	33.0	34.0	35.0	36.0	37.0	38.0	39.0
P212cM3-S502-L001_2	1.0	24.0	304.0	1157.0	1482.0	1713.0	1850.0	2291.0	2806.0	3391.0	4159.0	5131.0	6442.0	7545.0	9230.0	11191.0	13975.0	17289.0	22409.0	29951.0	42345.0	64496.0	98746.0	186894.0	1067657.0
	16.0	17.0	18.0	19.0	20.0	21.0	22.0	23.0	24.0	25.0	26.0	27.0	28.0	29.0	30.0	31.0	32.0	33.0	34.0	35.0	36.0	37.0	38.0	39.0
P212cM3-S502-L002_1	1.0	15.0	38.0	53.0	68.0	115.0	254.0	469.0	894.0	1552.0	2620.0	4128.0	5667.0	7744.0	10138.0	12492.0	15774.0	19322.0	24417.0	30750.0	41994.0	64548.0	133582.0	1213976.0
	15.0	16.0	17.0	18.0	19.0	20.0	21.0	22.0	23.0	24.0	25.0	26.0	27.0	28.0	29.0	30.0	31.0	32.0	33.0	34.0	35.0	36.0	37.0	38.0	39.0
P212cM3-S502-L002_2	3.0	22.0	300.0	1126.0	1448.0	1762.0	1853.0	2167.0	2758.0	3327.0	4292.0	5049.0	6219.0	7666.0	9422.0	11265.0	13861.0	17363.0	22343.0	30075.0	41802.0	64559.0	98387.0	180739.0	1062803.0
	18.0	19.0	20.0	21.0	22.0	23.0	24.0	25.0	26.0	27.0	28.0	29.0	30.0	31.0	32.0	33.0	34.0	35.0	36.0	37.0	38.0	39.0	40.0
P246M2-S273-L001_1	2.0	6.0	49.0	171.0	499.0	1156.0	2076.0	3283.0	4512.0	5885.0	7177.0	8636.0	9775.0	10929.0	12436.0	13994.0	16156.0	19342.0	24115.0	33986.0	61565.0	596350.0	10789.0
	2.0	3.0	4.0	5.0	6.0	7.0	8.0	9.0	10.0	11.0	12.0	13.0	14.0	15.0	16.0	17.0	18.0	19.0	20.0	21.0	22.0	23.0	24.0	25.0	26.0	27.0	28.0	29.0	30.0	31.0	32.0	33.0	34.0	35.0	36.0	37.0	38.0	39.0
P246M2-S273-L001_2	8.0	4.0	1.0	2.0	2.0	2.0	3.0	2.0	1.0	1.0	1.0	1.0	5.0	6.0	40.0	258.0	616.0	873.0	1224.0	1750.0	2407.0	3135.0	3912.0	4915.0	5818.0	6819.0	7873.0	8988.0	10201.0	11422.0	13168.0	14967.0	17856.0	22438.0	29137.0	44508.0	100545.0	529980.0
	18.0	19.0	20.0	21.0	22.0	23.0	24.0	25.0	26.0	27.0	28.0	29.0	30.0	31.0	32.0	33.0	34.0	35.0	36.0	37.0	38.0	39.0	40.0
P246M2-S273-L002_1	1.0	7.0	49.0	170.0	482.0	1130.0	2125.0	3166.0	4688.0	5819.0	7241.0	8295.0	9485.0	10914.0	12200.0	13800.0	16002.0	18844.0	23734.0	33883.0	61541.0	599486.0	14184.0
	12.0	13.0	14.0	15.0	16.0	17.0	18.0	19.0	20.0	21.0	22.0	23.0	24.0	25.0	26.0	27.0	28.0	29.0	30.0	31.0	32.0	33.0	34.0	35.0	36.0	37.0	38.0	39.0
P246M2-S273-L002_2	1.0	0.0	0.0	3.0	42.0	278.0	567.0	741.0	1197.0	1700.0	2236.0	3039.0	3708.0	4821.0	5726.0	6616.0	7537.0	8818.0	9796.0	11152.0	12711.0	14817.0	17674.0	21941.0	29179.0	44526.0	98722.0	539698.0
	16.0	17.0	18.0	19.0	20.0	21.0	22.0	23.0	24.0	25.0	26.0	27.0	28.0	29.0	30.0	31.0	32.0	33.0	34.0	35.0	36.0	37.0	38.0	39.0
P246S6aM4-S84-L001_1	2.0	12.0	27.0	49.0	91.0	210.0	339.0	674.0	1179.0	2111.0	3572.0	5729.0	8445.0	12259.0	16600.0	22510.0	28977.0	38272.0	49665.0	66900.0	96109.0	156881.0	385795.0	1658333.0
	15.0	16.0	17.0	18.0	19.0	20.0	21.0	22.0	23.0	24.0	25.0	26.0	27.0	28.0	29.0	30.0	31.0	32.0	33.0	34.0	35.0	36.0	37.0	38.0	39.0
P246S6aM4-S84-L001_2	1.0	157.0	1736.0	3366.0	2880.0	2979.0	3536.0	4550.0	5815.0	7579.0	9540.0	12044.0	14882.0	17995.0	22033.0	26237.0	31833.0	39190.0	48657.0	62939.0	83931.0	122591.0	209323.0	531547.0	1289400.0
	16.0	17.0	18.0	19.0	20.0	21.0	22.0	23.0	24.0	25.0	26.0	27.0	28.0	29.0	30.0	31.0	32.0	33.0	34.0	35.0	36.0	37.0	38.0	39.0
P246S6aM4-S84-L002_1	4.0	14.0	26.0	49.0	105.0	168.0	347.0	606.0	1104.0	2093.0	3541.0	5686.0	8509.0	12383.0	16682.0	22607.0	29408.0	38009.0	50022.0	67315.0	95531.0	156252.0	373719.0	1685971.0
	15.0	16.0	17.0	18.0	19.0	20.0	21.0	22.0	23.0	24.0	25.0	26.0	27.0	28.0	29.0	30.0	31.0	32.0	33.0	34.0	35.0	36.0	37.0	38.0	39.0
P246S6aM4-S84-L002_2	3.0	166.0	1657.0	3284.0	2972.0	3123.0	3926.0	4722.0	5988.0	7750.0	9869.0	12345.0	14929.0	18318.0	22265.0	26795.0	32374.0	39579.0	49646.0	62431.0	84140.0	122819.0	209801.0	522766.0	1308483.0
	18.0	19.0	20.0	21.0	22.0	23.0	24.0	25.0	26.0	27.0	28.0	29.0	30.0	31.0	32.0	33.0	34.0	35.0	36.0	37.0	38.0	39.0
P246S6aM5-S121-L001_1	1.0	5.0	12.0	20.0	63.0	135.0	354.0	631.0	1067.0	1633.0	2538.0	3614.0	5089.0	6395.0	8473.0	11166.0	14739.0	20075.0	29430.0	52092.0	144972.0	472062.0
	2.0	3.0	4.0	5.0	6.0	7.0	8.0	9.0	10.0	11.0	12.0	13.0	14.0	15.0	16.0	17.0	18.0	19.0	20.0	21.0	22.0	23.0	24.0	25.0	26.0	27.0	28.0	29.0	30.0	31.0	32.0	33.0	34.0	35.0	36.0	37.0	38.0	39.0
P246S6aM5-S121-L001_2	296.0	33.0	12.0	8.0	4.0	2.0	12.0	4.0	8.0	5.0	5.0	3.0	3.0	7.0	53.0	468.0	523.0	396.0	485.0	591.0	855.0	1146.0	1543.0	2108.0	2664.0	3403.0	4269.0	5382.0	6773.0	8330.0	10594.0	13469.0	18043.0	25190.0	39063.0	73380.0	200955.0	354481.0
	16.0	17.0	18.0	19.0	20.0	21.0	22.0	23.0	24.0	25.0	26.0	27.0	28.0	29.0	30.0	31.0	32.0	33.0	34.0	35.0	36.0	37.0	38.0	39.0
P246S6aM5-S121-L002_1	1.0	0.0	1.0	3.0	8.0	29.0	45.0	146.0	266.0	552.0	994.0	1619.0	2410.0	3500.0	4540.0	6086.0	8076.0	10459.0	13785.0	18586.0	27734.0	48323.0	138066.0	512909.0
	2.0	3.0	4.0	5.0	6.0	7.0	8.0	9.0	10.0	11.0	12.0	13.0	14.0	15.0	16.0	17.0	18.0	19.0	20.0	21.0	22.0	23.0	24.0	25.0	26.0	27.0	28.0	29.0	30.0	31.0	32.0	33.0	34.0	35.0	36.0	37.0	38.0	39.0
P246S6aM5-S121-L002_2	271.0	27.0	16.0	12.0	9.0	5.0	9.0	11.0	7.0	5.0	10.0	10.0	5.0	3.0	74.0	443.0	497.0	313.0	357.0	452.0	608.0	909.0	1166.0	1699.0	2258.0	2888.0	3764.0	4808.0	5963.0	7748.0	9991.0	12825.0	17097.0	23952.0	37175.0	70010.0	198207.0	394534.0
	16.0	17.0	18.0	19.0	20.0	21.0	22.0	23.0	24.0	25.0	26.0	27.0	28.0	29.0	30.0	31.0	32.0	33.0	34.0	35.0	36.0	37.0	38.0	39.0
P246S6bM4-S85-L001_1	1.0	13.0	27.0	54.0	107.0	206.0	348.0	582.0	1114.0	1876.0	3136.0	5044.0	7486.0	10794.0	14783.0	19616.0	25645.0	33776.0	43934.0	58983.0	84282.0	139167.0	340996.0	1447466.0
	15.0	16.0	17.0	18.0	19.0	20.0	21.0	22.0	23.0	24.0	25.0	26.0	27.0	28.0	29.0	30.0	31.0	32.0	33.0	34.0	35.0	36.0	37.0	38.0	39.0
P246S6bM4-S85-L001_2	1.0	81.0	1214.0	2266.0	2040.0	1969.0	2430.0	3223.0	4236.0	5470.0	7249.0	9017.0	11318.0	14252.0	17733.0	21637.0	26638.0	33172.0	42009.0	54833.0	74688.0	111426.0	194091.0	491618.0	1106825.0
	16.0	17.0	18.0	19.0	20.0	21.0	22.0	23.0	24.0	25.0	26.0	27.0	28.0	29.0	30.0	31.0	32.0	33.0	34.0	35.0	36.0	37.0	38.0	39.0
P246S6bM4-S85-L002_1	3.0	16.0	17.0	52.0	87.0	198.0	286.0	547.0	977.0	1899.0	3025.0	4841.0	7582.0	10753.0	14942.0	19551.0	26130.0	33555.0	43838.0	58804.0	84095.0	137359.0	329671.0	1466923.0
	16.0	17.0	18.0	19.0	20.0	21.0	22.0	23.0	24.0	25.0	26.0	27.0	28.0	29.0	30.0	31.0	32.0	33.0	34.0	35.0	36.0	37.0	38.0	39.0
P246S6bM4-S85-L002_2	72.0	1071.0	2209.0	2036.0	2111.0	2458.0	3342.0	4267.0	5663.0	7302.0	9387.0	11627.0	14370.0	17832.0	21987.0	26735.0	33378.0	42219.0	55333.0	75310.0	111367.0	194588.0	483984.0	1116503.0
	18.0	19.0	20.0	21.0	22.0	23.0	24.0	25.0	26.0	27.0	28.0	29.0	30.0	31.0	32.0	33.0	34.0	35.0	36.0	37.0	38.0	39.0
P246S6bM5-S122-L001_1	1.0	5.0	5.0	22.0	49.0	128.0	261.0	533.0	868.0	1381.0	2021.0	2955.0	3869.0	5058.0	6522.0	8526.0	11265.0	15039.0	22435.0	38539.0	105255.0	346036.0
	2.0	3.0	4.0	5.0	6.0	7.0	8.0	9.0	10.0	11.0	12.0	13.0	14.0	15.0	16.0	17.0	18.0	19.0	20.0	21.0	22.0	23.0	24.0	25.0	26.0	27.0	28.0	29.0	30.0	31.0	32.0	33.0	34.0	35.0	36.0	37.0	38.0	39.0
P246S6bM5-S122-L001_2	192.0	20.0	4.0	6.0	5.0	6.0	3.0	6.0	2.0	2.0	2.0	3.0	0.0	3.0	47.0	386.0	504.0	400.0	432.0	533.0	660.0	884.0	1185.0	1552.0	2008.0	2604.0	3166.0	4072.0	5112.0	6418.0	8285.0	10848.0	14479.0	20612.0	32937.0	63111.0	165327.0	224957.0
	18.0	19.0	20.0	21.0	22.0	23.0	24.0	25.0	26.0	27.0	28.0	29.0	30.0	31.0	32.0	33.0	34.0	35.0	36.0	37.0	38.0	39.0
P246S6bM5-S122-L002_1	4.0	2.0	6.0	12.0	35.0	98.0	202.0	423.0	764.0	1203.0	1842.0	2613.0	3572.0	4685.0	6026.0	7850.0	10249.0	14046.0	20775.0	35629.0	100327.0	374500.0
	2.0	3.0	4.0	5.0	6.0	7.0	8.0	9.0	10.0	11.0	12.0	13.0	14.0	15.0	16.0	17.0	18.0	19.0	20.0	21.0	22.0	23.0	24.0	25.0	26.0	27.0	28.0	29.0	30.0	31.0	32.0	33.0	34.0	35.0	36.0	37.0	38.0	39.0
P246S6bM5-S122-L002_2	188.0	23.0	12.0	6.0	6.0	6.0	3.0	5.0	4.0	7.0	5.0	6.0	2.0	5.0	50.0	271.0	332.0	250.0	238.0	251.0	374.0	533.0	829.0	1117.0	1521.0	2046.0	2722.0	3537.0	4626.0	5791.0	7671.0	9952.0	13562.0	19450.0	30806.0	61027.0	168279.0	249350.0
	17.0	18.0	19.0	20.0	21.0	22.0	23.0	24.0	25.0	26.0	27.0	28.0	29.0	30.0	31.0	32.0	33.0	34.0	35.0	36.0	37.0	38.0	39.0
P246S6cM4-S86-L001_1	14.0	22.0	22.0	73.0	143.0	248.0	462.0	1053.0	1992.0	3510.0	5776.0	8591.0	12036.0	16542.0	21844.0	28003.0	35733.0	46745.0	61881.0	87890.0	141659.0	344243.0	1293977.0
	15.0	16.0	17.0	18.0	19.0	20.0	21.0	22.0	23.0	24.0	25.0	26.0	27.0	28.0	29.0	30.0	31.0	32.0	33.0	34.0	35.0	36.0	37.0	38.0	39.0
P246S6cM4-S86-L001_2	2.0	91.0	919.0	1730.0	1595.0	1698.0	2162.0	2926.0	4080.0	5422.0	7017.0	9146.0	11805.0	14823.0	18469.0	22814.0	28367.0	35272.0	44590.0	57753.0	77740.0	112827.0	194310.0	486567.0	970334.0
	16.0	17.0	18.0	19.0	20.0	21.0	22.0	23.0	24.0	25.0	26.0	27.0	28.0	29.0	30.0	31.0	32.0	33.0	34.0	35.0	36.0	37.0	38.0	39.0
P246S6cM4-S86-L002_1	3.0	7.0	5.0	32.0	51.0	142.0	259.0	478.0	1039.0	1910.0	3491.0	5774.0	8459.0	12255.0	16725.0	21899.0	28284.0	36040.0	46444.0	61943.0	87509.0	141550.0	336253.0	1315754.0
	16.0	17.0	18.0	19.0	20.0	21.0	22.0	23.0	24.0	25.0	26.0	27.0	28.0	29.0	30.0	31.0	32.0	33.0	34.0	35.0	36.0	37.0	38.0	39.0
P246S6cM4-S86-L002_2	93.0	842.0	1591.0	1527.0	1681.0	2206.0	3035.0	4201.0	5616.0	7336.0	9381.0	11958.0	15107.0	18861.0	23043.0	28556.0	35536.0	44602.0	57563.0	76747.0	112294.0	192545.0	485193.0	986792.0
	16.0	17.0	18.0	19.0	20.0	21.0	22.0	23.0	24.0	25.0	26.0	27.0	28.0	29.0	30.0	31.0	32.0	33.0	34.0	35.0	36.0	37.0	38.0	39.0
P246S6cM5-S123-L001_1	2.0	0.0	3.0	14.0	6.0	36.0	82.0	193.0	450.0	785.0	1472.0	2379.0	3492.0	5065.0	6742.0	9054.0	11647.0	15176.0	19904.0	27272.0	39905.0	69886.0	191589.0	618009.0
	2.0	3.0	4.0	5.0	6.0	7.0	8.0	9.0	10.0	11.0	12.0	13.0	14.0	15.0	16.0	17.0	18.0	19.0	20.0	21.0	22.0	23.0	24.0	25.0	26.0	27.0	28.0	29.0	30.0	31.0	32.0	33.0	34.0	35.0	36.0	37.0	38.0	39.0
P246S6cM5-S123-L001_2	343.0	31.0	9.0	13.0	13.0	7.0	7.0	6.0	5.0	7.0	7.0	1.0	7.0	2.0	72.0	518.0	638.0	477.0	505.0	636.0	785.0	1141.0	1520.0	2235.0	2810.0	3749.0	5019.0	6412.0	8201.0	10370.0	13245.0	17384.0	23082.0	32700.0	49700.0	94339.0	270822.0	476345.0
	17.0	18.0	19.0	20.0	21.0	22.0	23.0	24.0	25.0	26.0	27.0	28.0	29.0	30.0	31.0	32.0	33.0	34.0	35.0	36.0	37.0	38.0	39.0
P246S6cM5-S123-L002_1	2.0	1.0	9.0	9.0	19.0	80.0	165.0	400.0	732.0	1363.0	2139.0	3318.0	4584.0	6320.0	8373.0	11038.0	14124.0	18823.0	25419.0	36947.0	64785.0	182084.0	670771.0
	2.0	3.0	4.0	5.0	6.0	7.0	8.0	9.0	10.0	11.0	12.0	13.0	14.0	15.0	16.0	17.0	18.0	19.0	20.0	21.0	22.0	23.0	24.0	25.0	26.0	27.0	28.0	29.0	30.0	31.0	32.0	33.0	34.0	35.0	36.0	37.0	38.0	39.0
P246S6cM5-S123-L002_2	366.0	43.0	19.0	20.0	15.0	5.0	13.0	12.0	12.0	11.0	12.0	14.0	4.0	11.0	63.0	476.0	639.0	410.0	361.0	445.0	553.0	822.0	1107.0	1611.0	2347.0	3070.0	4053.0	5424.0	6923.0	9080.0	11931.0	15488.0	21182.0	29997.0	46793.0	88111.0	263263.0	536799.0
	17.0	18.0	19.0	20.0	21.0	22.0	23.0	24.0	25.0	26.0	27.0	28.0	29.0	30.0	31.0	32.0	33.0	34.0	35.0	36.0	37.0	38.0	39.0	40.0
P384M2-S279-L001_1	1.0	0.0	5.0	21.0	120.0	309.0	654.0	1228.0	1906.0	2645.0	3445.0	4300.0	4973.0	5660.0	6443.0	7242.0	8303.0	9631.0	11423.0	14239.0	19820.0	36356.0	329561.0	5059.0
	2.0	3.0	4.0	5.0	6.0	7.0	8.0	9.0	10.0	11.0	12.0	13.0	14.0	15.0	16.0	17.0	18.0	19.0	20.0	21.0	22.0	23.0	24.0	25.0	26.0	27.0	28.0	29.0	30.0	31.0	32.0	33.0	34.0	35.0	36.0	37.0	38.0	39.0
P384M2-S279-L001_2	4.0	1.0	1.0	2.0	2.0	0.0	1.0	1.0	2.0	2.0	1.0	1.0	1.0	3.0	32.0	202.0	467.0	596.0	765.0	978.0	1339.0	1773.0	2176.0	2766.0	3244.0	3849.0	4460.0	5084.0	6045.0	6836.0	7870.0	9311.0	11074.0	14136.0	19330.0	30694.0	68631.0	271664.0
	17.0	18.0	19.0	20.0	21.0	22.0	23.0	24.0	25.0	26.0	27.0	28.0	29.0	30.0	31.0	32.0	33.0	34.0	35.0	36.0	37.0	38.0	39.0	40.0
P384M2-S279-L002_1	1.0	1.0	5.0	21.0	75.0	305.0	664.0	1198.0	1846.0	2604.0	3284.0	4119.0	4902.0	5501.0	6383.0	6968.0	7991.0	9212.0	11074.0	13855.0	19379.0	36362.0	330057.0	6845.0
	16.0	17.0	18.0	19.0	20.0	21.0	22.0	23.0	24.0	25.0	26.0	27.0	28.0	29.0	30.0	31.0	32.0	33.0	34.0	35.0	36.0	37.0	38.0	39.0
P384M2-S279-L002_2	32.0	181.0	396.0	552.0	815.0	969.0	1199.0	1607.0	2064.0	2671.0	3158.0	3717.0	4410.0	5095.0	5765.0	6473.0	7541.0	8945.0	10898.0	13687.0	19058.0	30026.0	67101.0	276292.0
	17.0	18.0	19.0	20.0	21.0	22.0	23.0	24.0	25.0	26.0	27.0	28.0	29.0	30.0	31.0	32.0	33.0	34.0	35.0	36.0	37.0	38.0	39.0
P384S6aM4-S98-L001_1	7.0	9.0	49.0	62.0	148.0	208.0	347.0	555.0	1009.0	1792.0	2820.0	4283.0	6329.0	8679.0	11398.0	15317.0	19846.0	25733.0	35270.0	49642.0	81327.0	198993.0	762627.0
	16.0	17.0	18.0	19.0	20.0	21.0	22.0	23.0	24.0	25.0	26.0	27.0	28.0	29.0	30.0	31.0	32.0	33.0	34.0	35.0	36.0	37.0	38.0	39.0
P384S6aM4-S98-L001_2	40.0	538.0	1188.0	1111.0	1031.0	1326.0	1569.0	2072.0	2747.0	3487.0	4545.0	5863.0	7282.0	9289.0	11652.0	14545.0	18076.0	23228.0	30049.0	40824.0	60711.0	104853.0	280812.0	599612.0
	17.0	18.0	19.0	20.0	21.0	22.0	23.0	24.0	25.0	26.0	27.0	28.0	29.0	30.0	31.0	32.0	33.0	34.0	35.0	36.0	37.0	38.0	39.0
P384S6aM4-S98-L002_1	6.0	7.0	26.0	60.0	109.0	193.0	285.0	539.0	993.0	1694.0	2843.0	4175.0	6202.0	8695.0	11702.0	15210.0	19725.0	26103.0	35075.0	49786.0	81104.0	193882.0	773358.0
	16.0	17.0	18.0	19.0	20.0	21.0	22.0	23.0	24.0	25.0	26.0	27.0	28.0	29.0	30.0	31.0	32.0	33.0	34.0	35.0	36.0	37.0	38.0	39.0
P384S6aM4-S98-L002_2	35.0	445.0	1138.0	1075.0	1153.0	1302.0	1582.0	2128.0	2763.0	3611.0	4615.0	6030.0	7454.0	9349.0	11737.0	14813.0	18345.0	23263.0	30535.0	41071.0	60682.0	104241.0	276492.0	607913.0
	17.0	18.0	19.0	20.0	21.0	22.0	23.0	24.0	25.0	26.0	27.0	28.0	29.0	30.0	31.0	32.0	33.0	34.0	35.0	36.0	37.0	38.0	39.0
P384S6aM5-S133-L001_1	2.0	4.0	5.0	20.0	24.0	100.0	210.0	494.0	917.0	1674.0	2762.0	4194.0	6046.0	8143.0	11068.0	14097.0	18381.0	24083.0	33071.0	48033.0	84424.0	231171.0	599239.0
	2.0	3.0	4.0	5.0	6.0	7.0	8.0	9.0	10.0	11.0	12.0	13.0	14.0	15.0	16.0	17.0	18.0	19.0	20.0	21.0	22.0	23.0	24.0	25.0	26.0	27.0	28.0	29.0	30.0	31.0	32.0	33.0	34.0	35.0	36.0	37.0	38.0	39.0
P384S6aM5-S133-L001_2	370.0	51.0	13.0	11.0	9.0	8.0	9.0	5.0	5.0	3.0	2.0	3.0	2.0	4.0	85.0	692.0	874.0	707.0	704.0	841.0	1101.0	1525.0	2078.0	2749.0	3741.0	4821.0	6523.0	8166.0	10370.0	12905.0	17011.0	21568.0	28647.0	40049.0	61529.0	114597.0	324975.0	421409.0
	17.0	18.0	19.0	20.0	21.0	22.0	23.0	24.0	25.0	26.0	27.0	28.0	29.0	30.0	31.0	32.0	33.0	34.0	35.0	36.0	37.0	38.0	39.0
P384S6aM5-S133-L002_1	1.0	3.0	11.0	17.0	37.0	73.0	179.0	411.0	843.0	1549.0	2436.0	3748.0	5450.0	7466.0	10002.0	13049.0	17149.0	22346.0	30335.0	44814.0	78408.0	221449.0	656161.0
	2.0	3.0	4.0	5.0	6.0	7.0	8.0	9.0	10.0	11.0	12.0	13.0	14.0	15.0	16.0	17.0	18.0	19.0	20.0	21.0	22.0	23.0	24.0	25.0	26.0	27.0	28.0	29.0	30.0	31.0	32.0	33.0	34.0	35.0	36.0	37.0	38.0	39.0
P384S6aM5-S133-L002_2	340.0	40.0	17.0	12.0	7.0	7.0	14.0	10.0	10.0	13.0	18.0	12.0	8.0	12.0	100.0	685.0	797.0	520.0	487.0	575.0	786.0	1050.0	1474.0	2188.0	3017.0	3992.0	5307.0	6951.0	9045.0	11781.0	15322.0	20121.0	26878.0	37458.0	57576.0	107758.0	319685.0	481864.0
	16.0	17.0	18.0	19.0	20.0	21.0	22.0	23.0	24.0	25.0	26.0	27.0	28.0	29.0	30.0	31.0	32.0	33.0	34.0	35.0	36.0	37.0	38.0	39.0
P384S6bM4-S99-L001_1	4.0	35.0	70.0	105.0	185.0	326.0	538.0	891.0	1474.0	2509.0	4306.0	6894.0	10434.0	14538.0	19787.0	26117.0	34139.0	44043.0	57319.0	77304.0	110736.0	181579.0	455919.0	1816542.0
	15.0	16.0	17.0	18.0	19.0	20.0	21.0	22.0	23.0	24.0	25.0	26.0	27.0	28.0	29.0	30.0	31.0	32.0	33.0	34.0	35.0	36.0	37.0	38.0	39.0
P384S6bM4-S99-L001_2	5.0	249.0	2119.0	4310.0	3600.0	2980.0	3282.0	4136.0	5135.0	6549.0	8536.0	10944.0	13682.0	17192.0	21879.0	27283.0	34128.0	43430.0	55840.0	75086.0	105410.0	161257.0	283493.0	655830.0	1319439.0
	16.0	17.0	18.0	19.0	20.0	21.0	22.0	23.0	24.0	25.0	26.0	27.0	28.0	29.0	30.0	31.0	32.0	33.0	34.0	35.0	36.0	37.0	38.0	39.0
P384S6bM4-S99-L002_1	4.0	27.0	39.0	93.0	152.0	293.0	494.0	788.0	1466.0	2482.0	4406.0	6974.0	10444.0	14922.0	19984.0	26683.0	34709.0	44813.0	58251.0	78560.0	111734.0	184040.0	450354.0	1882028.0
	15.0	16.0	17.0	18.0	19.0	20.0	21.0	22.0	23.0	24.0	25.0	26.0	27.0	28.0	29.0	30.0	31.0	32.0	33.0	34.0	35.0	36.0	37.0	38.0	39.0
P384S6bM4-S99-L002_2	3.0	234.0	2023.0	4177.0	3727.0	3105.0	3562.0	4304.0	5369.0	6907.0	8826.0	11530.0	14146.0	17893.0	22644.0	28006.0	35057.0	44640.0	57545.0	76990.0	106920.0	165373.0	289308.0	657126.0	1364325.0
	17.0	18.0	19.0	20.0	21.0	22.0	23.0	24.0	25.0	26.0	27.0	28.0	29.0	30.0	31.0	32.0	33.0	34.0	35.0	36.0	37.0	38.0	39.0
P384S6bM5-S134-L001_1	5.0	7.0	23.0	26.0	95.0	184.0	457.0	959.0	1852.0	3271.0	5069.0	7421.0	10628.0	14424.0	18798.0	24232.0	31603.0	41381.0	56422.0	82841.0	145941.0	416961.0	1195032.0
	2.0	3.0	4.0	5.0	6.0	7.0	8.0	9.0	10.0	11.0	12.0	13.0	14.0	15.0	16.0	17.0	18.0	19.0	20.0	21.0	22.0	23.0	24.0	25.0	26.0	27.0	28.0	29.0	30.0	31.0	32.0	33.0	34.0	35.0	36.0	37.0	38.0	39.0
P384S6bM5-S134-L001_2	712.0	69.0	28.0	21.0	22.0	22.0	17.0	13.0	9.0	9.0	13.0	4.0	11.0	8.0	160.0	1326.0	1812.0	1344.0	1330.0	1608.0	2211.0	2768.0	3810.0	4981.0	6937.0	8629.0	11227.0	14214.0	18582.0	23668.0	30915.0	41060.0	57184.0	84744.0	142811.0	279012.0	594544.0	721797.0
	16.0	17.0	18.0	19.0	20.0	21.0	22.0	23.0	24.0	25.0	26.0	27.0	28.0	29.0	30.0	31.0	32.0	33.0	34.0	35.0	36.0	37.0	38.0	39.0
P384S6bM5-S134-L002_1	1.0	9.0	5.0	11.0	32.0	58.0	173.0	360.0	795.0	1693.0	2939.0	4707.0	6894.0	9905.0	13500.0	17485.0	22627.0	29075.0	38295.0	52216.0	76970.0	136508.0	404792.0	1314923.0
	2.0	3.0	4.0	5.0	6.0	7.0	8.0	9.0	10.0	11.0	12.0	13.0	14.0	15.0	16.0	17.0	18.0	19.0	20.0	21.0	22.0	23.0	24.0	25.0	26.0	27.0	28.0	29.0	30.0	31.0	32.0	33.0	34.0	35.0	36.0	37.0	38.0	39.0
P384S6bM5-S134-L002_2	766.0	75.0	31.0	42.0	26.0	22.0	14.0	32.0	25.0	27.0	20.0	14.0	20.0	16.0	158.0	1233.0	1817.0	1124.0	922.0	1050.0	1365.0	1952.0	2658.0	3700.0	5165.0	7202.0	9397.0	12378.0	16353.0	21388.0	28669.0	38362.0	53029.0	79459.0	135122.0	273918.0	619748.0	816674.0
	17.0	18.0	19.0	20.0	21.0	22.0	23.0	24.0	25.0	26.0	27.0	28.0	29.0	30.0	31.0	32.0	33.0	34.0	35.0	36.0	37.0	38.0	39.0
P384S6cM4-S100-L001_1	20.0	40.0	84.0	178.0	286.0	418.0	647.0	1136.0	2009.0	3369.0	5505.0	8158.0	11668.0	16151.0	21642.0	28454.0	36785.0	47893.0	64515.0	92397.0	151581.0	367158.0	1581095.0
	15.0	16.0	17.0	18.0	19.0	20.0	21.0	22.0	23.0	24.0	25.0	26.0	27.0	28.0	29.0	30.0	31.0	32.0	33.0	34.0	35.0	36.0	37.0	38.0	39.0
P384S6cM4-S100-L001_2	2.0	153.0	2007.0	4359.0	3426.0	2925.0	3096.0	3518.0	4657.0	5688.0	7477.0	9318.0	11726.0	14628.0	18679.0	22903.0	28457.0	35874.0	46089.0	61076.0	83927.0	126853.0	230322.0	664218.0	1049811.0
	16.0	17.0	18.0	19.0	20.0	21.0	22.0	23.0	24.0	25.0	26.0	27.0	28.0	29.0	30.0	31.0	32.0	33.0	34.0	35.0	36.0	37.0	38.0	39.0
P384S6cM4-S100-L002_1	1.0	13.0	33.0	50.0	116.0	222.0	356.0	599.0	1038.0	1951.0	3350.0	5413.0	8111.0	11931.0	16314.0	21618.0	28438.0	36957.0	48162.0	64648.0	92440.0	150652.0	357032.0	1603668.0
	15.0	16.0	17.0	18.0	19.0	20.0	21.0	22.0	23.0	24.0	25.0	26.0	27.0	28.0	29.0	30.0	31.0	32.0	33.0	34.0	35.0	36.0	37.0	38.0	39.0
P384S6cM4-S100-L002_2	1.0	153.0	1814.0	4191.0	3691.0	3014.0	3214.0	3765.0	4655.0	5926.0	7521.0	9326.0	12218.0	14868.0	18765.0	23211.0	28913.0	35926.0	46394.0	61165.0	83258.0	125200.0	226695.0	656034.0	1073195.0
	18.0	19.0	20.0	21.0	22.0	23.0	24.0	25.0	26.0	27.0	28.0	29.0	30.0	31.0	32.0	33.0	34.0	35.0	36.0	37.0	38.0	39.0
P384S6cM5-S135-L001_1	3.0	4.0	16.0	27.0	79.0	120.0	299.0	595.0	1050.0	1703.0	2392.0	3417.0	4753.0	6074.0	8160.0	10699.0	13870.0	19003.0	27708.0	48470.0	132717.0	449881.0
	2.0	3.0	4.0	5.0	6.0	7.0	8.0	9.0	10.0	11.0	12.0	13.0	14.0	15.0	16.0	17.0	18.0	19.0	20.0	21.0	22.0	23.0	24.0	25.0	26.0	27.0	28.0	29.0	30.0	31.0	32.0	33.0	34.0	35.0	36.0	37.0	38.0	39.0
P384S6cM5-S135-L001_2	269.0	24.0	11.0	9.0	7.0	6.0	5.0	4.0	2.0	8.0	3.0	3.0	0.0	11.0	70.0	590.0	835.0	581.0	534.0	648.0	822.0	1065.0	1351.0	1792.0	2312.0	2942.0	3725.0	4671.0	5798.0	7531.0	9641.0	12870.0	17089.0	24390.0	39080.0	78546.0	252497.0	261298.0
	17.0	18.0	19.0	20.0	21.0	22.0	23.0	24.0	25.0	26.0	27.0	28.0	29.0	30.0	31.0	32.0	33.0	34.0	35.0	36.0	37.0	38.0	39.0
P384S6cM5-S135-L002_1	1.0	0.0	5.0	11.0	22.0	37.0	133.0	249.0	512.0	914.0	1430.0	2170.0	3219.0	4293.0	5743.0	7380.0	9749.0	12814.0	17264.0	25461.0	45075.0	126513.0	486516.0
	2.0	3.0	4.0	5.0	6.0	7.0	8.0	9.0	10.0	11.0	12.0	13.0	14.0	15.0	16.0	17.0	18.0	19.0	20.0	21.0	22.0	23.0	24.0	25.0	26.0	27.0	28.0	29.0	30.0	31.0	32.0	33.0	34.0	35.0	36.0	37.0	38.0	39.0
P384S6cM5-S135-L002_2	268.0	22.0	13.0	13.0	10.0	5.0	6.0	4.0	3.0	7.0	4.0	4.0	11.0	3.0	88.0	632.0	702.0	423.0	330.0	352.0	486.0	645.0	921.0	1277.0	1674.0	2313.0	2937.0	3975.0	5143.0	6627.0	8811.0	11361.0	15898.0	22708.0	36510.0	74047.0	255697.0	295581.0
	16.0	17.0	18.0	19.0	20.0	21.0	22.0	23.0	24.0	25.0	26.0	27.0	28.0	29.0	30.0	31.0	32.0	33.0	34.0	35.0	36.0	37.0	38.0	39.0
P384aM3-S506-L001_1	4.0	11.0	43.0	31.0	40.0	57.0	158.0	294.0	657.0	1166.0	1930.0	3073.0	4288.0	5900.0	7641.0	9498.0	11799.0	14543.0	17735.0	23015.0	30963.0	47889.0	105914.0	837813.0
	14.0	15.0	16.0	17.0	18.0	19.0	20.0	21.0	22.0	23.0	24.0	25.0	26.0	27.0	28.0	29.0	30.0	31.0	32.0	33.0	34.0	35.0	36.0	37.0	38.0	39.0
P384aM3-S506-L001_2	1.0	1.0	25.0	289.0	1085.0	1580.0	1512.0	1513.0	1561.0	1928.0	2377.0	2985.0	3785.0	4654.0	5549.0	6745.0	7927.0	9459.0	11542.0	14089.0	17462.0	22519.0	31214.0	49306.0	109538.0	815816.0
	17.0	18.0	19.0	20.0	21.0	22.0	23.0	24.0	25.0	26.0	27.0	28.0	29.0	30.0	31.0	32.0	33.0	34.0	35.0	36.0	37.0	38.0	39.0
P384aM3-S506-L002_1	5.0	32.0	38.0	25.0	58.0	112.0	267.0	548.0	1159.0	1911.0	2892.0	4227.0	5656.0	7328.0	9511.0	11533.0	14337.0	17576.0	22488.0	30617.0	47076.0	95969.0	847908.0
	16.0	17.0	18.0	19.0	20.0	21.0	22.0	23.0	24.0	25.0	26.0	27.0	28.0	29.0	30.0	31.0	32.0	33.0	34.0	35.0	36.0	37.0	38.0	39.0
P384aM3-S506-L002_2	34.0	300.0	1166.0	1564.0	1603.0	1520.0	1665.0	1935.0	2419.0	3152.0	3804.0	4787.0	5478.0	6849.0	8211.0	9647.0	11637.0	14518.0	17582.0	22925.0	31816.0	49956.0	106643.0	812062.0
	17.0	18.0	19.0	20.0	21.0	22.0	23.0	24.0	25.0	26.0	27.0	28.0	29.0	30.0	31.0	32.0	33.0	34.0	35.0	36.0	37.0	38.0	39.0
P384bM3-S507-L001_1	9.0	34.0	38.0	38.0	48.0	104.0	223.0	473.0	929.0	1516.0	2306.0	3367.0	4465.0	5891.0	7279.0	9169.0	11253.0	13728.0	18038.0	24593.0	37819.0	83721.0	670364.0
	16.0	17.0	18.0	19.0	20.0	21.0	22.0	23.0	24.0	25.0	26.0	27.0	28.0	29.0	30.0	31.0	32.0	33.0	34.0	35.0	36.0	37.0	38.0	39.0
P384bM3-S507-L001_2	54.0	557.0	906.0	977.0	1077.0	1090.0	1270.0	1643.0	2078.0	2620.0	3193.0	3917.0	4720.0	5750.0	6779.0	8144.0	9705.0	11769.0	14699.0	19137.0	26429.0	42255.0	97973.0	628663.0
	17.0	18.0	19.0	20.0	21.0	22.0	23.0	24.0	25.0	26.0	27.0	28.0	29.0	30.0	31.0	32.0	33.0	34.0	35.0	36.0	37.0	38.0	39.0
P384bM3-S507-L002_1	8.0	23.0	21.0	37.0	62.0	103.0	203.0	430.0	872.0	1386.0	2313.0	3283.0	4456.0	5829.0	7275.0	9058.0	11116.0	13956.0	17846.0	24027.0	36446.0	75877.0	680731.0
	15.0	16.0	17.0	18.0	19.0	20.0	21.0	22.0	23.0	24.0	25.0	26.0	27.0	28.0	29.0	30.0	31.0	32.0	33.0	34.0	35.0	36.0	37.0	38.0	39.0
P384bM3-S507-L002_2	1.0	59.0	589.0	811.0	914.0	1110.0	1205.0	1289.0	1717.0	2251.0	2697.0	3348.0	4057.0	4897.0	5862.0	6926.0	8086.0	10057.0	12170.0	15049.0	19295.0	26741.0	42344.0	95714.0	628169.0
	16.0	17.0	18.0	19.0	20.0	21.0	22.0	23.0	24.0	25.0	26.0	27.0	28.0	29.0	30.0	31.0	32.0	33.0	34.0	35.0	36.0	37.0	38.0	39.0
P384cM3-S508-L001_1	1.0	8.0	27.0	16.0	40.0	57.0	70.0	160.0	360.0	639.0	1047.0	1662.0	2401.0	3281.0	4263.0	5373.0	6563.0	8047.0	10380.0	12986.0	17848.0	27601.0	61207.0	512058.0
	16.0	17.0	18.0	19.0	20.0	21.0	22.0	23.0	24.0	25.0	26.0	27.0	28.0	29.0	30.0	31.0	32.0	33.0	34.0	35.0	36.0	37.0	38.0	39.0
P384cM3-S508-L001_2	15.0	120.0	409.0	515.0	561.0	602.0	762.0	1006.0	1252.0	1524.0	2017.0	2434.0	2992.0	3659.0	4320.0	5331.0	6558.0	8257.0	10832.0	14750.0	21137.0	34807.0	74071.0	478164.0
	17.0	18.0	19.0	20.0	21.0	22.0	23.0	24.0	25.0	26.0	27.0	28.0	29.0	30.0	31.0	32.0	33.0	34.0	35.0	36.0	37.0	38.0	39.0
P384cM3-S508-L002_1	5.0	21.0	14.0	26.0	41.0	81.0	166.0	303.0	575.0	1045.0	1603.0	2353.0	3214.0	4112.0	5232.0	6540.0	8308.0	9963.0	12918.0	17641.0	26787.0	54951.0	519198.0
	15.0	16.0	17.0	18.0	19.0	20.0	21.0	22.0	23.0	24.0	25.0	26.0	27.0	28.0	29.0	30.0	31.0	32.0	33.0	34.0	35.0	36.0	37.0	38.0	39.0
P384cM3-S508-L002_2	2.0	5.0	159.0	404.0	498.0	563.0	627.0	778.0	1045.0	1245.0	1605.0	1964.0	2519.0	2914.0	3612.0	4447.0	5523.0	6640.0	8264.0	10741.0	14894.0	21346.0	34533.0	71638.0	479131.0
	17.0	18.0	19.0	20.0	21.0	22.0	23.0	24.0	25.0	26.0	27.0	28.0	29.0	30.0	31.0	32.0	33.0	34.0	35.0	36.0	37.0	38.0	39.0	40.0
P387M2-S280-L001_1	3.0	8.0	36.0	98.0	368.0	1223.0	3002.0	5614.0	8836.0	12679.0	16438.0	20095.0	23390.0	27140.0	31283.0	34512.0	39310.0	45155.0	54123.0	67637.0	93907.0	169681.0	1635969.0	31445.0
	2.0	3.0	4.0	5.0	6.0	7.0	8.0	9.0	10.0	11.0	12.0	13.0	14.0	15.0	16.0	17.0	18.0	19.0	20.0	21.0	22.0	23.0	24.0	25.0	26.0	27.0	28.0	29.0	30.0	31.0	32.0	33.0	34.0	35.0	36.0	37.0	38.0	39.0
P387M2-S280-L001_2	19.0	5.0	4.0	4.0	5.0	0.0	6.0	5.0	3.0	6.0	2.0	11.0	5.0	19.0	76.0	751.0	1781.0	2181.0	2995.0	3979.0	5385.0	7047.0	9164.0	11620.0	14105.0	16981.0	20051.0	22603.0	26517.0	30383.0	35190.0	40982.0	48645.0	60025.0	79838.0	119304.0	259301.0	1502954.0
	17.0	18.0	19.0	20.0	21.0	22.0	23.0	24.0	25.0	26.0	27.0	28.0	29.0	30.0	31.0	32.0	33.0	34.0	35.0	36.0	37.0	38.0	39.0	40.0
P387M2-S280-L002_1	4.0	3.0	11.0	81.0	385.0	1196.0	2807.0	5419.0	8724.0	12482.0	16429.0	20209.0	23469.0	26893.0	30933.0	34873.0	39051.0	45162.0	53786.0	67438.0	95207.0	171671.0	1653586.0	42438.0
	15.0	16.0	17.0	18.0	19.0	20.0	21.0	22.0	23.0	24.0	25.0	26.0	27.0	28.0	29.0	30.0	31.0	32.0	33.0	34.0	35.0	36.0	37.0	38.0	39.0
P387M2-S280-L002_2	5.0	61.0	682.0	1573.0	2025.0	2843.0	3831.0	5139.0	6798.0	9006.0	11426.0	14051.0	16793.0	19755.0	22815.0	26490.0	30194.0	34931.0	40598.0	48546.0	60242.0	80765.0	120473.0	256857.0	1536358.0
	16.0	17.0	18.0	19.0	20.0	21.0	22.0	23.0	24.0	25.0	26.0	27.0	28.0	29.0	30.0	31.0	32.0	33.0	34.0	35.0	36.0	37.0	38.0	39.0
P387S6aM4-S101-L001_1	3.0	28.0	48.0	103.0	162.0	262.0	424.0	731.0	1253.0	2151.0	3688.0	5968.0	8859.0	12803.0	17550.0	23900.0	31303.0	40945.0	54415.0	73430.0	105794.0	174894.0	437557.0	1775566.0
	15.0	16.0	17.0	18.0	19.0	20.0	21.0	22.0	23.0	24.0	25.0	26.0	27.0	28.0	29.0	30.0	31.0	32.0	33.0	34.0	35.0	36.0	37.0	38.0	39.0
P387S6aM4-S101-L001_2	1.0	107.0	1398.0	3667.0	2999.0	2579.0	2856.0	3239.0	4134.0	5332.0	7001.0	8744.0	11155.0	14184.0	17931.0	22730.0	29100.0	37451.0	48578.0	66081.0	93129.0	143156.0	255714.0	628620.0	1361951.0
	16.0	17.0	18.0	19.0	20.0	21.0	22.0	23.0	24.0	25.0	26.0	27.0	28.0	29.0	30.0	31.0	32.0	33.0	34.0	35.0	36.0	37.0	38.0	39.0
P387S6aM4-S101-L002_1	3.0	18.0	28.0	74.0	116.0	213.0	410.0	657.0	1212.0	2111.0	3795.0	5784.0	9037.0	12639.0	18002.0	23984.0	31039.0	41388.0	53821.0	72933.0	105264.0	172706.0	424656.0	1798052.0
	16.0	17.0	18.0	19.0	20.0	21.0	22.0	23.0	24.0	25.0	26.0	27.0	28.0	29.0	30.0	31.0	32.0	33.0	34.0	35.0	36.0	37.0	38.0	39.0
P387S6aM4-S101-L002_2	101.0	1337.0	3335.0	3019.0	2525.0	2787.0	3400.0	4408.0	5524.0	7134.0	8960.0	11593.0	14453.0	18325.0	23307.0	29321.0	37920.0	48873.0	65706.0	92329.0	142543.0	255120.0	617233.0	1378689.0
	16.0	17.0	18.0	19.0	20.0	21.0	22.0	23.0	24.0	25.0	26.0	27.0	28.0	29.0	30.0	31.0	32.0	33.0	34.0	35.0	36.0	37.0	38.0	39.0
P387S6aM5-S136-L001_1	1.0	0.0	1.0	3.0	5.0	12.0	28.0	75.0	182.0	364.0	601.0	871.0	1378.0	1833.0	2667.0	3281.0	4368.0	5871.0	7551.0	10256.0	15067.0	26998.0	77390.0	209414.0
	2.0	3.0	4.0	5.0	6.0	7.0	8.0	9.0	10.0	11.0	12.0	13.0	14.0	15.0	16.0	17.0	18.0	19.0	20.0	21.0	22.0	23.0	24.0	25.0	26.0	27.0	28.0	29.0	30.0	31.0	32.0	33.0	34.0	35.0	36.0	37.0	38.0	39.0
P387S6aM5-S136-L001_2	120.0	18.0	3.0	2.0	3.0	4.0	2.0	1.0	3.0	1.0	2.0	2.0	3.0	2.0	34.0	283.0	317.0	233.0	239.0	260.0	361.0	476.0	640.0	905.0	1187.0	1504.0	1941.0	2484.0	3200.0	4296.0	5560.0	7259.0	10308.0	15011.0	25497.0	50754.0	111630.0	123672.0
	18.0	19.0	20.0	21.0	22.0	23.0	24.0	25.0	26.0	27.0	28.0	29.0	30.0	31.0	32.0	33.0	34.0	35.0	36.0	37.0	38.0	39.0
P387S6aM5-S136-L002_1	2.0	2.0	3.0	12.0	28.0	76.0	146.0	265.0	533.0	829.0	1231.0	1665.0	2379.0	3273.0	4162.0	5299.0	6980.0	9303.0	14245.0	25258.0	74495.0	229527.0
	2.0	3.0	4.0	5.0	6.0	7.0	8.0	9.0	10.0	11.0	12.0	13.0	14.0	15.0	16.0	17.0	18.0	19.0	20.0	21.0	22.0	23.0	24.0	25.0	26.0	27.0	28.0	29.0	30.0	31.0	32.0	33.0	34.0	35.0	36.0	37.0	38.0	39.0
P387S6aM5-S136-L002_2	119.0	13.0	7.0	9.0	6.0	4.0	4.0	3.0	6.0	5.0	3.0	4.0	6.0	5.0	32.0	211.0	256.0	200.0	163.0	165.0	241.0	329.0	439.0	610.0	851.0	1179.0	1576.0	2124.0	2845.0	3720.0	4844.0	6793.0	9399.0	14147.0	24128.0	48835.0	115657.0	140775.0
	16.0	17.0	18.0	19.0	20.0	21.0	22.0	23.0	24.0	25.0	26.0	27.0	28.0	29.0	30.0	31.0	32.0	33.0	34.0	35.0	36.0	37.0	38.0	39.0
P387S6bM4-S102-L001_1	1.0	27.0	49.0	112.0	204.0	330.0	476.0	726.0	1181.0	1944.0	3257.0	5213.0	7658.0	11079.0	15164.0	20361.0	26229.0	34081.0	44840.0	59641.0	85897.0	141450.0	352212.0	1474057.0
	15.0	16.0	17.0	18.0	19.0	20.0	21.0	22.0	23.0	24.0	25.0	26.0	27.0	28.0	29.0	30.0	31.0	32.0	33.0	34.0	35.0	36.0	37.0	38.0	39.0
P387S6bM4-S102-L001_2	4.0	55.0	1053.0	3148.0	2995.0	2489.0	2732.0	3347.0	4081.0	5190.0	6751.0	8889.0	11285.0	14606.0	18492.0	23818.0	31680.0	44857.0	66831.0	88584.0	113159.0	159129.0	242533.0	433403.0	997078.0
	16.0	17.0	18.0	19.0	20.0	21.0	22.0	23.0	24.0	25.0	26.0	27.0	28.0	29.0	30.0	31.0	32.0	33.0	34.0	35.0	36.0	37.0	38.0	39.0
P387S6bM4-S102-L002_1	6.0	37.0	42.0	67.0	130.0	227.0	402.0	659.0	1025.0	1845.0	3190.0	4947.0	7582.0	10967.0	14948.0	19976.0	26313.0	34166.0	44583.0	60197.0	86606.0	139843.0	341559.0	1496551.0
	15.0	16.0	17.0	18.0	19.0	20.0	21.0	22.0	23.0	24.0	25.0	26.0	27.0	28.0	29.0	30.0	31.0	32.0	33.0	34.0	35.0	36.0	37.0	38.0	39.0
P387S6bM4-S102-L002_2	1.0	51.0	964.0	2994.0	2868.0	2579.0	2664.0	3406.0	4190.0	5548.0	6956.0	8895.0	11357.0	14238.0	18766.0	23909.0	32024.0	45933.0	67692.0	88609.0	112438.0	158580.0	240907.0	424716.0	1015583.0
	16.0	17.0	18.0	19.0	20.0	21.0	22.0	23.0	24.0	25.0	26.0	27.0	28.0	29.0	30.0	31.0	32.0	33.0	34.0	35.0	36.0	37.0	38.0	39.0
P387S6bM5-S137-L001_1	1.0	2.0	5.0	8.0	15.0	45.0	92.0	203.0	473.0	915.0	1471.0	2441.0	3685.0	5005.0	6954.0	9286.0	11765.0	15684.0	20653.0	27996.0	40854.0	71921.0	203475.0	530443.0
	2.0	3.0	4.0	5.0	6.0	7.0	8.0	9.0	10.0	11.0	12.0	13.0	14.0	15.0	16.0	17.0	18.0	19.0	20.0	21.0	22.0	23.0	24.0	25.0	26.0	27.0	28.0	29.0	30.0	31.0	32.0	33.0	34.0	35.0	36.0	37.0	38.0	39.0
P387S6bM5-S137-L001_2	365.0	34.0	15.0	14.0	4.0	9.0	7.0	10.0	8.0	9.0	2.0	3.0	4.0	11.0	73.0	607.0	857.0	632.0	650.0	866.0	1197.0	1629.0	2330.0	3269.0	4232.0	5684.0	7979.0	10544.0	15067.0	22193.0	38715.0	73514.0	101508.0	104561.0	106103.0	116173.0	138717.0	195797.0
	17.0	18.0	19.0	20.0	21.0	22.0	23.0	24.0	25.0	26.0	27.0	28.0	29.0	30.0	31.0	32.0	33.0	34.0	35.0	36.0	37.0	38.0	39.0
P387S6bM5-S137-L002_1	1.0	6.0	3.0	11.0	32.0	83.0	197.0	420.0	781.0	1369.0	2167.0	3378.0	4752.0	6552.0	8578.0	11240.0	14360.0	18973.0	25848.0	37828.0	66841.0	195388.0	582619.0
	2.0	3.0	4.0	5.0	6.0	7.0	8.0	9.0	10.0	11.0	12.0	13.0	14.0	15.0	16.0	17.0	18.0	19.0	20.0	21.0	22.0	23.0	24.0	25.0	26.0	27.0	28.0	29.0	30.0	31.0	32.0	33.0	34.0	35.0	36.0	37.0	38.0	39.0
P387S6bM5-S137-L002_2	362.0	35.0	11.0	17.0	10.0	5.0	8.0	13.0	9.0	13.0	12.0	4.0	5.0	10.0	75.0	576.0	746.0	496.0	484.0	596.0	779.0	1181.0	1784.0	2458.0	3623.0	5115.0	7002.0	9758.0	13859.0	20826.0	37796.0	74981.0	105078.0	108047.0	108497.0	119711.0	139024.0	218421.0
	17.0	18.0	19.0	20.0	21.0	22.0	23.0	24.0	25.0	26.0	27.0	28.0	29.0	30.0	31.0	32.0	33.0	34.0	35.0	36.0	37.0	38.0	39.0
P387S6cM4-S103-L001_1	43.0	39.0	96.0	136.0	175.0	271.0	417.0	772.0	1334.0	2309.0	3670.0	5515.0	7951.0	11012.0	14609.0	19088.0	25253.0	32618.0	43516.0	63151.0	104846.0	258570.0	1163067.0
	15.0	16.0	17.0	18.0	19.0	20.0	21.0	22.0	23.0	24.0	25.0	26.0	27.0	28.0	29.0	30.0	31.0	32.0	33.0	34.0	35.0	36.0	37.0	38.0	39.0
P387S6cM4-S103-L001_2	1.0	69.0	1038.0	2659.0	2186.0	1840.0	1952.0	2360.0	3092.0	3729.0	4738.0	6123.0	7761.0	9754.0	11943.0	14914.0	18453.0	22896.0	29464.0	38335.0	51967.0	76859.0	134744.0	363806.0	947775.0
	16.0	17.0	18.0	19.0	20.0	21.0	22.0	23.0	24.0	25.0	26.0	27.0	28.0	29.0	30.0	31.0	32.0	33.0	34.0	35.0	36.0	37.0	38.0	39.0
P387S6cM4-S103-L002_1	4.0	33.0	42.0	49.0	77.0	134.0	233.0	419.0	697.0	1337.0	2169.0	3644.0	5467.0	7919.0	10849.0	14399.0	19119.0	24661.0	32643.0	43781.0	63255.0	103799.0	250086.0	1183629.0
	15.0	16.0	17.0	18.0	19.0	20.0	21.0	22.0	23.0	24.0	25.0	26.0	27.0	28.0	29.0	30.0	31.0	32.0	33.0	34.0	35.0	36.0	37.0	38.0	39.0
P387S6cM4-S103-L002_2	1.0	56.0	910.0	2409.0	2242.0	1853.0	2013.0	2348.0	3080.0	4011.0	4888.0	6252.0	7857.0	9593.0	12010.0	14944.0	18524.0	23149.0	28924.0	38237.0	52026.0	76306.0	132467.0	355735.0	968610.0
	17.0	18.0	19.0	20.0	21.0	22.0	23.0	24.0	25.0	26.0	27.0	28.0	29.0	30.0	31.0	32.0	33.0	34.0	35.0	36.0	37.0	38.0	39.0
P387S6cM5-S138-L001_1	4.0	1.0	4.0	10.0	22.0	52.0	109.0	265.0	528.0	849.0	1379.0	2030.0	2916.0	3983.0	5025.0	6759.0	8882.0	11357.0	15655.0	22934.0	40554.0	115120.0	335443.0
	2.0	3.0	4.0	5.0	6.0	7.0	8.0	9.0	10.0	11.0	12.0	13.0	14.0	15.0	16.0	17.0	18.0	19.0	20.0	21.0	22.0	23.0	24.0	25.0	26.0	27.0	28.0	29.0	30.0	31.0	32.0	33.0	34.0	35.0	36.0	37.0	38.0	39.0
P387S6cM5-S138-L001_2	201.0	24.0	1.0	5.0	7.0	10.0	2.0	6.0	4.0	1.0	3.0	3.0	3.0	4.0	55.0	420.0	524.0	372.0	381.0	494.0	636.0	805.0	1167.0	1374.0	1909.0	2473.0	2929.0	3864.0	4758.0	6024.0	7751.0	10051.0	13293.0	18485.0	28669.0	54563.0	156998.0	255612.0
	16.0	17.0	18.0	19.0	20.0	21.0	22.0	23.0	24.0	25.0	26.0	27.0	28.0	29.0	30.0	31.0	32.0	33.0	34.0	35.0	36.0	37.0	38.0	39.0
P387S6cM5-S138-L002_1	1.0	1.0	1.0	3.0	10.0	20.0	42.0	98.0	261.0	479.0	826.0	1260.0	1857.0	2643.0	3669.0	4759.0	6142.0	8100.0	10697.0	14458.0	21300.0	37482.0	110240.0	365841.0
	2.0	3.0	4.0	5.0	6.0	7.0	8.0	9.0	10.0	11.0	12.0	13.0	14.0	15.0	16.0	17.0	18.0	19.0	20.0	21.0	22.0	23.0	24.0	25.0	26.0	27.0	28.0	29.0	30.0	31.0	32.0	33.0	34.0	35.0	36.0	37.0	38.0	39.0
P387S6cM5-S138-L002_2	205.0	19.0	8.0	3.0	11.0	3.0	6.0	3.0	8.0	6.0	2.0	5.0	6.0	6.0	67.0	414.0	426.0	279.0	276.0	295.0	405.0	605.0	804.0	1104.0	1534.0	1917.0	2616.0	3380.0	4215.0	5505.0	7135.0	9164.0	12619.0	17402.0	27239.0	51751.0	155520.0	285227.0
	16.0	17.0	18.0	19.0	20.0	21.0	22.0	23.0	24.0	25.0	26.0	27.0	28.0	29.0	30.0	31.0	32.0	33.0	34.0	35.0	36.0	37.0	38.0	39.0
P387S6dM4-S104-L001_1	2.0	24.0	56.0	87.0	156.0	257.0	392.0	661.0	1134.0	2008.0	3497.0	5510.0	8227.0	11595.0	15990.0	21362.0	28260.0	36573.0	48301.0	64875.0	93212.0	153456.0	380182.0	1633506.0
	16.0	17.0	18.0	19.0	20.0	21.0	22.0	23.0	24.0	25.0	26.0	27.0	28.0	29.0	30.0	31.0	32.0	33.0	34.0	35.0	36.0	37.0	38.0	39.0
P387S6dM4-S104-L001_2	122.0	1676.0	3589.0	2944.0	2785.0	3240.0	3935.0	5071.0	6494.0	8186.0	10590.0	13015.0	16193.0	19917.0	24181.0	29982.0	37228.0	46685.0	60669.0	82743.0	120524.0	209774.0	533555.0	1266225.0
	16.0	17.0	18.0	19.0	20.0	21.0	22.0	23.0	24.0	25.0	26.0	27.0	28.0	29.0	30.0	31.0	32.0	33.0	34.0	35.0	36.0	37.0	38.0	39.0
P387S6dM4-S104-L002_1	2.0	27.0	34.0	59.0	125.0	239.0	353.0	595.0	1049.0	2047.0	3456.0	5402.0	8218.0	11784.0	16147.0	21241.0	28286.0	36679.0	48392.0	64419.0	92380.0	152300.0	367755.0	1658916.0
	16.0	17.0	18.0	19.0	20.0	21.0	22.0	23.0	24.0	25.0	26.0	27.0	28.0	29.0	30.0	31.0	32.0	33.0	34.0	35.0	36.0	37.0	38.0	39.0
P387S6dM4-S104-L002_2	116.0	1623.0	3444.0	2998.0	2834.0	3349.0	4064.0	5263.0	6764.0	8648.0	10970.0	13653.0	16362.0	20072.0	24689.0	30174.0	37345.0	47024.0	60777.0	82288.0	120534.0	209569.0	525628.0	1281717.0
	16.0	17.0	18.0	19.0	20.0	21.0	22.0	23.0	24.0	25.0	26.0	27.0	28.0	29.0	30.0	31.0	32.0	33.0	34.0	35.0	36.0	37.0	38.0	39.0
P387S6eM4-S105-L001_1	3.0	25.0	48.0	118.0	194.0	280.0	431.0	653.0	1127.0	1846.0	3138.0	5080.0	7509.0	10949.0	15018.0	20385.0	26437.0	34910.0	45451.0	61423.0	88011.0	144252.0	355822.0	1534032.0
	15.0	16.0	17.0	18.0	19.0	20.0	21.0	22.0	23.0	24.0	25.0	26.0	27.0	28.0	29.0	30.0	31.0	32.0	33.0	34.0	35.0	36.0	37.0	38.0	39.0
P387S6eM4-S105-L001_2	2.0	78.0	980.0	2827.0	2679.0	2261.0	2637.0	3045.0	3864.0	4733.0	5954.0	7639.0	9879.0	12438.0	15463.0	19883.0	25025.0	32111.0	41574.0	55011.0	76605.0	115978.0	209030.0	557620.0	1149826.0
	17.0	18.0	19.0	20.0	21.0	22.0	23.0	24.0	25.0	26.0	27.0	28.0	29.0	30.0	31.0	32.0	33.0	34.0	35.0	36.0	37.0	38.0	39.0
P387S6eM4-S105-L002_1	21.0	30.0	62.0	132.0	253.0	360.0	658.0	1033.0	1877.0	3147.0	4959.0	7590.0	10784.0	15077.0	19911.0	26780.0	34849.0	45319.0	61392.0	87144.0	144043.0	344877.0	1564395.0
	15.0	16.0	17.0	18.0	19.0	20.0	21.0	22.0	23.0	24.0	25.0	26.0	27.0	28.0	29.0	30.0	31.0	32.0	33.0	34.0	35.0	36.0	37.0	38.0	39.0
P387S6eM4-S105-L002_2	2.0	85.0	901.0	2697.0	2701.0	2431.0	2579.0	3137.0	3867.0	4979.0	6095.0	7789.0	10070.0	12704.0	15915.0	19964.0	25325.0	32424.0	41383.0	55291.0	76429.0	116118.0	208764.0	551633.0	1171410.0
	17.0	18.0	19.0	20.0	21.0	22.0	23.0	24.0	25.0	26.0	27.0	28.0	29.0	30.0	31.0	32.0	33.0	34.0	35.0	36.0	37.0	38.0	39.0
P387aM3-S509-L001_1	9.0	43.0	43.0	34.0	55.0	120.0	238.0	456.0	910.0	1614.0	2379.0	3503.0	4816.0	6142.0	7782.0	9728.0	12216.0	15229.0	19197.0	26216.0	40980.0	91557.0	743398.0
	15.0	16.0	17.0	18.0	19.0	20.0	21.0	22.0	23.0	24.0	25.0	26.0	27.0	28.0	29.0	30.0	31.0	32.0	33.0	34.0	35.0	36.0	37.0	38.0	39.0
P387aM3-S509-L001_2	2.0	10.0	147.0	612.0	944.0	881.0	989.0	1135.0	1375.0	1770.0	2232.0	2936.0	3529.0	4424.0	5270.0	6336.0	7828.0	9364.0	11715.0	14547.0	18686.0	26187.0	41537.0	92121.0	732088.0
	16.0	17.0	18.0	19.0	20.0	21.0	22.0	23.0	24.0	25.0	26.0	27.0	28.0	29.0	30.0	31.0	32.0	33.0	34.0	35.0	36.0	37.0	38.0	39.0
P387aM3-S509-L002_1	3.0	6.0	26.0	31.0	43.0	49.0	107.0	220.0	476.0	853.0	1530.0	2303.0	3364.0	4758.0	6091.0	7747.0	9519.0	11965.0	14894.0	19197.0	26182.0	39888.0	82496.0	755228.0
	15.0	16.0	17.0	18.0	19.0	20.0	21.0	22.0	23.0	24.0	25.0	26.0	27.0	28.0	29.0	30.0	31.0	32.0	33.0	34.0	35.0	36.0	37.0	38.0	39.0
P387aM3-S509-L002_2	1.0	11.0	177.0	619.0	908.0	925.0	999.0	1175.0	1424.0	1937.0	2305.0	2991.0	3701.0	4367.0	5408.0	6436.0	7777.0	9395.0	11762.0	14653.0	19336.0	26692.0	41562.0	88742.0	733673.0
	17.0	18.0	19.0	20.0	21.0	22.0	23.0	24.0	25.0	26.0	27.0	28.0	29.0	30.0	31.0	32.0	33.0	34.0	35.0	36.0	37.0	38.0	39.0
P387bM3-S510-L001_1	16.0	46.0	61.0	58.0	82.0	110.0	202.0	478.0	845.0	1399.0	2256.0	3199.0	4406.0	5833.0	7399.0	9266.0	11681.0	14683.0	18497.0	25276.0	39311.0	88418.0	779081.0
	15.0	16.0	17.0	18.0	19.0	20.0	21.0	22.0	23.0	24.0	25.0	26.0	27.0	28.0	29.0	30.0	31.0	32.0	33.0	34.0	35.0	36.0	37.0	38.0	39.0
P387bM3-S510-L001_2	1.0	11.0	214.0	937.0	1196.0	1025.0	1069.0	1166.0	1275.0	1701.0	2114.0	2682.0	3265.0	4162.0	5068.0	6219.0	7499.0	9031.0	11227.0	14320.0	18889.0	27474.0	45457.0	107743.0	738858.0
	16.0	17.0	18.0	19.0	20.0	21.0	22.0	23.0	24.0	25.0	26.0	27.0	28.0	29.0	30.0	31.0	32.0	33.0	34.0	35.0	36.0	37.0	38.0	39.0
P387bM3-S510-L002_1	1.0	7.0	29.0	39.0	30.0	65.0	105.0	191.0	468.0	792.0	1382.0	2133.0	3184.0	4369.0	5739.0	7292.0	9311.0	11409.0	14342.0	18348.0	25149.0	38626.0	79265.0	789322.0
	15.0	16.0	17.0	18.0	19.0	20.0	21.0	22.0	23.0	24.0	25.0	26.0	27.0	28.0	29.0	30.0	31.0	32.0	33.0	34.0	35.0	36.0	37.0	38.0	39.0
P387bM3-S510-L002_2	2.0	16.0	280.0	976.0	1166.0	1136.0	1063.0	1205.0	1383.0	1845.0	2180.0	2734.0	3426.0	4305.0	5038.0	6397.0	7438.0	9171.0	11506.0	14643.0	19459.0	27658.0	45406.0	104581.0	738584.0
	17.0	18.0	19.0	20.0	21.0	22.0	23.0	24.0	25.0	26.0	27.0	28.0	29.0	30.0	31.0	32.0	33.0	34.0	35.0	36.0	37.0	38.0	39.0
P387cM3-S511-L001_1	9.0	25.0	46.0	49.0	96.0	173.0	339.0	632.0	1205.0	2003.0	3041.0	4364.0	5947.0	7897.0	9788.0	12253.0	15145.0	18614.0	24116.0	32915.0	51119.0	113922.0	930242.0
	14.0	15.0	16.0	17.0	18.0	19.0	20.0	21.0	22.0	23.0	24.0	25.0	26.0	27.0	28.0	29.0	30.0	31.0	32.0	33.0	34.0	35.0	36.0	37.0	38.0	39.0
P387cM3-S511-L001_2	1.0	2.0	27.0	244.0	779.0	1142.0	1338.0	1385.0	1672.0	2030.0	2631.0	3366.0	4117.0	4934.0	5996.0	7287.0	8829.0	10518.0	12656.0	15475.0	19359.0	25822.0	35844.0	57837.0	133333.0	877316.0
	16.0	17.0	18.0	19.0	20.0	21.0	22.0	23.0	24.0	25.0	26.0	27.0	28.0	29.0	30.0	31.0	32.0	33.0	34.0	35.0	36.0	37.0	38.0	39.0
P387cM3-S511-L002_1	1.0	4.0	26.0	25.0	50.0	77.0	120.0	299.0	564.0	1114.0	1983.0	3043.0	4294.0	5775.0	7486.0	9781.0	12273.0	14781.0	18611.0	23637.0	32485.0	50015.0	102553.0	943393.0
	15.0	16.0	17.0	18.0	19.0	20.0	21.0	22.0	23.0	24.0	25.0	26.0	27.0	28.0	29.0	30.0	31.0	32.0	33.0	34.0	35.0	36.0	37.0	38.0	39.0
P387cM3-S511-L002_2	1.0	30.0	275.0	829.0	1158.0	1403.0	1462.0	1782.0	2145.0	2657.0	3451.0	4147.0	5161.0	6125.0	7394.0	8811.0	10720.0	12861.0	15828.0	19772.0	25867.0	36032.0	57886.0	128898.0	877695.0
	16.0	17.0	18.0	19.0	20.0	21.0	22.0	23.0	24.0	25.0	26.0	27.0	28.0	29.0	30.0	31.0	32.0	33.0	34.0	35.0	36.0	37.0	38.0	39.0
R21E1S1S2-S58-L001_1	5.0	35.0	58.0	43.0	64.0	245.0	855.0	2658.0	6488.0	13421.0	23994.0	38360.0	58085.0	82306.0	111635.0	148223.0	191797.0	246791.0	320055.0	425529.0	608164.0	1006513.0	2577176.0	8057568.0
	8.0	9.0	10.0	11.0	12.0	13.0	14.0	15.0	16.0	17.0	18.0	19.0	20.0	21.0	22.0	23.0	24.0	25.0	26.0	27.0	28.0	29.0	30.0	31.0	32.0	33.0	34.0	35.0	36.0	37.0	38.0	39.0
R21E1S1S2-S58-L001_2	1.0	5.0	10.0	22.0	18.0	24.0	31.0	72.0	909.0	4018.0	5496.0	5542.0	6227.0	8911.0	13371.0	20801.0	30435.0	42756.0	58016.0	76617.0	98723.0	125407.0	156427.0	193363.0	240874.0	302931.0	389939.0	526401.0	771310.0	1327591.0	3326684.0	6187136.0
	16.0	17.0	18.0	19.0	20.0	21.0	22.0	23.0	24.0	25.0	26.0	27.0	28.0	29.0	30.0	31.0	32.0	33.0	34.0	35.0	36.0	37.0	38.0	39.0
R21E1S1S2-S58-L002_1	1.0	24.0	31.0	24.0	56.0	160.0	709.0	2476.0	6016.0	12311.0	21654.0	35203.0	53120.0	75395.0	103484.0	137503.0	178403.0	229691.0	298517.0	399465.0	568113.0	947470.0	2468242.0	8254489.0
	4.0	5.0	6.0	7.0	8.0	9.0	10.0	11.0	12.0	13.0	14.0	15.0	16.0	17.0	18.0	19.0	20.0	21.0	22.0	23.0	24.0	25.0	26.0	27.0	28.0	29.0	30.0	31.0	32.0	33.0	34.0	35.0	36.0	37.0	38.0	39.0
R21E1S1S2-S58-L002_2	2.0	9.0	6.0	13.0	9.0	6.0	9.0	27.0	21.0	29.0	45.0	88.0	864.0	3835.0	4895.0	4842.0	6048.0	8730.0	12920.0	19329.0	28403.0	39813.0	54066.0	71328.0	91946.0	116741.0	146093.0	182670.0	227383.0	287919.0	370287.0	503313.0	745508.0	1299169.0	3318231.0	6247960.0
	16.0	17.0	18.0	19.0	20.0	21.0	22.0	23.0	24.0	25.0	26.0	27.0	28.0	29.0	30.0	31.0	32.0	33.0	34.0	35.0	36.0	37.0	38.0	39.0
R36E1S1S2-S59-L001_1	6.0	65.0	115.0	83.0	124.0	334.0	1176.0	3627.0	8429.0	15659.0	25757.0	39884.0	58419.0	81965.0	111360.0	147758.0	190933.0	246041.0	320014.0	427086.0	611713.0	1016302.0	2605985.0	9040821.0
	6.0	7.0	8.0	9.0	10.0	11.0	12.0	13.0	14.0	15.0	16.0	17.0	18.0	19.0	20.0	21.0	22.0	23.0	24.0	25.0	26.0	27.0	28.0	29.0	30.0	31.0	32.0	33.0	34.0	35.0	36.0	37.0	38.0	39.0
R36E1S1S2-S59-L001_2	1.0	0.0	0.0	7.0	4.0	13.0	10.0	13.0	23.0	44.0	711.0	3750.0	6438.0	6896.0	7013.0	7797.0	9663.0	13454.0	19913.0	27490.0	36552.0	48163.0	64758.0	85866.0	112883.0	148686.0	194476.0	257471.0	344397.0	479709.0	723102.0	1279664.0	3364583.0	7710106.0
	16.0	17.0	18.0	19.0	20.0	21.0	22.0	23.0	24.0	25.0	26.0	27.0	28.0	29.0	30.0	31.0	32.0	33.0	34.0	35.0	36.0	37.0	38.0	39.0
R36E1S1S2-S59-L002_1	3.0	41.0	67.0	55.0	118.0	330.0	1041.0	3268.0	7770.0	14693.0	24320.0	37151.0	54269.0	76319.0	104215.0	137583.0	179276.0	230687.0	300558.0	402397.0	576019.0	961131.0	2500424.0	9242496.0
	4.0	5.0	6.0	7.0	8.0	9.0	10.0	11.0	12.0	13.0	14.0	15.0	16.0	17.0	18.0	19.0	20.0	21.0	22.0	23.0	24.0	25.0	26.0	27.0	28.0	29.0	30.0	31.0	32.0	33.0	34.0	35.0	36.0	37.0	38.0	39.0
R36E1S1S2-S59-L002_2	2.0	2.0	7.0	8.0	7.0	11.0	13.0	23.0	26.0	13.0	38.0	56.0	660.0	3642.0	5739.0	6505.0	6936.0	7651.0	9639.0	13421.0	19486.0	26381.0	35565.0	46465.0	61165.0	81751.0	107615.0	141451.0	186580.0	245792.0	330048.0	463142.0	712121.0	1271748.0	3375365.0	7695157.0
	16.0	17.0	18.0	19.0	20.0	21.0	22.0	23.0	24.0	25.0	26.0	27.0	28.0	29.0	30.0	31.0	32.0	33.0	34.0	35.0	36.0	37.0	38.0	39.0
R44E1S1S2-S62-L001_1	3.0	21.0	47.0	37.0	31.0	120.0	430.0	1318.0	3437.0	6818.0	12370.0	20159.0	30692.0	44033.0	60039.0	80414.0	104917.0	135662.0	177990.0	237577.0	340954.0	571750.0	1487162.0	5591999.0
	9.0	10.0	11.0	12.0	13.0	14.0	15.0	16.0	17.0	18.0	19.0	20.0	21.0	22.0	23.0	24.0	25.0	26.0	27.0	28.0	29.0	30.0	31.0	32.0	33.0	34.0	35.0	36.0	37.0	38.0	39.0
R44E1S1S2-S62-L001_2	1.0	7.0	8.0	10.0	7.0	3.0	40.0	505.0	2763.0	3758.0	3545.0	3423.0	4064.0	5055.0	6955.0	9778.0	13633.0	19437.0	26706.0	36165.0	48730.0	64018.0	84181.0	110221.0	144930.0	193502.0	271353.0	410572.0	735657.0	1955896.0	4753057.0
	16.0	17.0	18.0	19.0	20.0	21.0	22.0	23.0	24.0	25.0	26.0	27.0	28.0	29.0	30.0	31.0	32.0	33.0	34.0	35.0	36.0	37.0	38.0	39.0
R44E1S1S2-S62-L002_1	2.0	18.0	28.0	18.0	49.0	110.0	372.0	1201.0	3092.0	5976.0	11101.0	18259.0	28085.0	40561.0	55896.0	74774.0	98329.0	128390.0	166268.0	223044.0	321685.0	537521.0	1425373.0	5709300.0
	4.0	5.0	6.0	7.0	8.0	9.0	10.0	11.0	12.0	13.0	14.0	15.0	16.0	17.0	18.0	19.0	20.0	21.0	22.0	23.0	24.0	25.0	26.0	27.0	28.0	29.0	30.0	31.0	32.0	33.0	34.0	35.0	36.0	37.0	38.0	39.0
R44E1S1S2-S62-L002_2	2.0	0.0	4.0	4.0	9.0	3.0	7.0	8.0	12.0	14.0	14.0	38.0	487.0	2676.0	3571.0	3220.0	3438.0	3992.0	5081.0	6741.0	9452.0	13316.0	18477.0	25813.0	35080.0	47033.0	61449.0	81439.0	105968.0	140199.0	187964.0	265707.0	410564.0	744540.0	1981694.0	4691436.0

