Sample	1	2	3	4	5	6	7	8	9	10	11	12	13	14
D24-L001_rmdup	16.82303724462857	8.728949818058728	6.983549860329003	5.992738546893485	5.745208935183301	4.738878143133462	4.382470119521913	3.9649164964556047	3.4870095761444904	3.1102284011916583	3.2090646170912405	3.0711579976375707	2.9714706122782637	2.9624306304148202
D24-L002_rmdup	16.731517509727624	8.844544032469454	6.883203559510568	6.046416938110749	5.862489829129373	4.577361187003489	4.333663203034802	3.908220878548833	3.523002421307506	3.0498744169357734	3.1184288831581033	3.0403199477636305	3.041357543960323	2.9582967865401484
D25-L001_rmdup	13.819875776397517	10.21069692058347	7.011070110701106	6.126126126126126	5.47008547008547	5.272108843537415	4.377104377104377	2.2033898305084745	3.061224489795918	2.4350649350649354	3.1897926634768736	1.794453507340946	2.8475711892797317	2.842809364548495
D25-L002_rmdup	13.744075829383887	9.8546042003231	6.728971962616822	6.0	5.423728813559322	5.47945205479452	4.599659284497445	2.1739130434782608	3.103448275862069	2.4390243902439024	3.3707865168539324	1.6474464579901154	2.6622296173044924	2.9310344827586206
D51-L001_rmdup	22.31652260950256	11.864089775561098	10.862826143115473	9.34236046693732	9.118057842324594	8.16307695857319	7.038856434767215	5.9902962908153015	5.201518628944038	4.686200499008381	4.325133736260159	3.9149061899837494	3.593307535227952	3.2655740623296285
D51-L002_rmdup	22.382816208973804	12.080244221543829	10.762220920393153	9.346268008397885	9.20504003929677	8.015267175572518	7.052121965844234	5.9819114613635165	5.3617951989364325	4.753834695221338	4.295635677761908	3.88171747688364	3.612872488855111	3.3292646054267125
D62-L001_rmdup	22.172952268709487	11.827650880835956	9.840854510914369	7.984533271642678	7.228993357838395	6.243314207915978	5.24873986412448	4.6168576643427786	3.7370587879154806	3.285241959723475	2.997842518972255	2.816637521858606	2.46842887210598	2.392740515567862
D62-L002_rmdup	22.23797917128296	11.9069205197945	9.92246946448166	8.02139037433155	7.20815128895481	6.245737113904316	5.216027601348702	4.570033402735129	3.8063540090771557	3.270423213533201	3.0435503565129567	2.790690394578266	2.5368667524694133	2.4260104598083374
D71-L001_rmdup	19.636533268506778	9.54752233495924	7.584056543499094	6.500277103598524	5.62993908540599	5.154110221106641	4.437428405764308	3.822622765453371	3.4999884183043735	3.1465952132850363	2.930967478351563	2.8013870717113383	2.628145258762773	2.544585943604436
D71-L002_rmdup	19.692694666767633	9.519902333768668	7.550687018310466	6.480576735168074	5.707709396554686	5.13152396202761	4.390411516948462	3.8096653371114764	3.4892678780150885	3.1088323780807725	2.950492804651969	2.820945945945946	2.632067684688403	2.542235804674245
D72-L001_rmdup	17.84125875065504	10.150924378663696	8.410627500881537	7.382454537668788	6.953274107841656	6.333732557167925	5.841361766616151	5.168224419217567	4.650951714122711	4.336008615605529	3.946687370600414	3.756752000216605	3.339307612489388	3.0776187689524925
D72-L002_rmdup	17.777717947337244	10.012842122160686	8.411617950534389	7.322923998448655	6.983039611071211	6.377327529863304	5.933269316598818	5.10969641404424	4.641680019801722	4.202545983447246	3.9250009724977635	3.750287702576461	3.271326033568066	3.098081506037731
D75-L001_rmdup	18.32006121828582	9.314307412514738	7.4490980316293465	6.2123262862916295	5.736134116720766	4.92835308689674	4.227153922220956	3.645498236843123	3.2222697518593475	2.8391858676747495	2.5640469738030713	2.477556585352957	2.3420014821380026	2.166305555049797
D75-L002_rmdup	18.277960411275092	9.333739630403317	7.4522200421481	6.227332768322758	5.736201682172763	4.958652640510942	4.2346773719192985	3.6092693078301776	3.185422022510748	2.8653160926787264	2.549499218433393	2.474197171805801	2.3318663516202123	2.170245482602691
P187M2-S270-L001_rmdup	15.601846880704393	8.389996542583843	6.103849382419954	5.652759084791386	4.608346351260879	4.3149569667364505	3.4854958398920624	3.2346792826493562	2.7216954824316786	2.236386000223639	2.3888520238885205	2.377196935556557	2.2919448153093014	2.185612300933553
P187M2-S270-L002_rmdup	15.609704192381358	8.378100354326207	6.380192834186406	5.5994581169564235	4.548942233914283	4.487917146144994	3.546820286908393	3.1853387149558197	2.8084252758274824	2.4441964285714284	2.4240429965997587	2.2940445248050625	2.0872446162341247	2.1164021164021163
P187M2-S67-L001_rmdup	15.348101265822786	8.287568647029456	5.892487939352171	5.720823798627003	4.420067752863365	4.65587044534413	3.4454470877768664	2.923304319264247	2.880052364588447	2.1082337317397077	2.2034459907223325	2.0432088427399098	1.8994596364827248	2.112676056338028
P187M2-S67-L002_rmdup	15.753962027302684	8.201680672268907	5.95846101464079	5.673874166802146	4.606216782090514	4.3456708526107075	3.5932091643316304	2.9954663212435233	2.70935960591133	2.337920742828718	2.4169681025978296	2.0853858784893267	2.0659124446630592	1.8039591315453383
P187S6aM4-S69-L001_rmdup	14.960375222383956	8.015927977839334	6.126482213438735	5.016153715354531	4.615384615384616	4.17915711514724	3.6585365853658534	2.7818930041152266	2.620967741935484	2.3976023976023977	2.4766751484308736	2.053872053872054	2.202116763400478	2.209944751381215
P187S6aM4-S69-L002_rmdup	14.878166854929805	7.957880200241671	6.370343710635234	5.129081894340913	4.719864176570458	4.172560113154172	3.6993042592906837	2.94069328076228	2.681992337164751	2.371805578753967	2.4818504136417356	2.1386800334168754	2.141036533559898	2.3115577889447234
P187S6aM5-S112-L001_rmdup	13.125695216907676	8.552229688454489	6.515058389674247	4.49438202247191	4.134212103055722	4.21760391198044	3.1668696711327646	2.959953569355775	2.5056947608200453	2.0238095238095237	2.413184226015303	1.2549914432401599	2.2465088038858534	2.190201729106628
P187S6aM5-S112-L002_rmdup	12.641083521444695	8.062575210589651	6.674757281553398	6.099033816425121	4.493087557603687	4.562043795620438	3.624856156501726	2.460850111856823	3.2381997804610316	2.2146507666098807	1.9036954087346025	1.527614571092832	2.480270574971815	3.045977011494253
P187S6bM4-S70-L001_rmdup	14.192708333333334	7.278742762613731	6.197066721751704	5.113863363963244	4.753272910372608	4.03814935064935	3.3813525410164065	2.934317916828605	2.4936186923227956	2.139661544446606	2.2868217054263567	2.3484119345524546	1.9388954171562869	2.1708822943636727
P187S6bM4-S70-L002_rmdup	13.846153846153847	7.073623427510826	6.3878013599835155	5.103857566765579	4.72077139413419	3.9878542510121453	3.534551231135822	2.822892498066512	2.5495195136301234	2.2463206816421377	2.197378565921357	2.382782475019216	1.925722145804677	2.2266401590457257
P187S6bM5-S113-L001_rmdup	14.691943127962084	8.261617900172118	3.9285714285714284	4.084967320261438	3.6799999999999997	4.098360655737705	3.436988543371522	2.6813880126182967	3.2352941176470593	2.5848142164781907	1.7432646592709984	1.848998459167951	1.3029315960912053	1.6181229773462782
P187S6bM5-S113-L002_rmdup	15.2	7.654723127035831	5.034722222222222	5.214723926380368	3.826955074875208	4.754358161648177	4.118616144975288	2.3769100169779285	1.7973856209150325	2.0602218700475436	2.307692307692308	1.2519561815336464	1.6181229773462782	1.322314049586777
P187S6cM4-S71-L001_rmdup	14.470903198534593	7.531635920109774	6.2951334379905814	5.22189349112426	4.54954954954955	3.5629453681710213	3.856952859465051	3.0237268518518516	2.595508894721493	2.1379703534777654	2.196697774587222	2.3048642533936654	2.1924661565626837	1.8545775684427435
P187S6cM4-S71-L002_rmdup	14.39853335213651	7.620504973221117	6.2154914024294055	5.2522562509246935	4.601318944844125	3.829661392872985	3.816681402888299	2.9670171395650295	2.6008182349503217	2.093122597180692	2.2426682001150087	2.3769100169779285	2.245377164660992	1.8523963540135253
P187S6cM5-S114-L001_rmdup	13.822393822393822	6.764960971379011	6.5546218487394965	5.8871627146361405	5.608214849921011	3.830806065442937	4.675963904840033	2.3603461841070024	1.868399675060926	2.754399387911247	1.7898832684824901	2.052545155993432	2.504038772213247	2.1704180064308685
P187S6cM5-S114-L002_rmdup	12.757830404889228	7.326892109500806	6.290849673202614	4.731355252606255	4.51761102603369	3.7238169123351437	3.6585365853658534	2.5482625482625485	2.9567854435178167	2.5345622119815667	1.8670649738610903	2.5185185185185186	1.688411358403684	2.0
P187S6dM4-S72-L001_rmdup	14.376742333731581	7.339046363436608	6.923076923076923	4.589678510998308	4.436786560413526	3.8564422648238965	4.170212765957447	2.8223350253807107	3.0635479196853654	2.487153134635149	2.327480604328297	2.6781948544917755	2.0603228547153782	2.4108798681228105
P187S6dM4-S72-L002_rmdup	14.174641148325358	7.196138657305835	7.01795290277454	4.52240067624683	4.477933261571582	3.6096256684491976	4.153555695405916	2.601925834869904	2.9810298102981028	2.411873840445269	2.179724449928028	2.781289506953224	1.9402985074626864	2.3636740617872696
P187S6eM4-S73-L001_rmdup	14.124293785310735	7.038834951456311	6.4234734337827115	5.361305361305361	3.6676646706586826	4.496124031007752	3.3834586466165413	3.3358605003790753	3.055767761650115	1.820830298616169	2.5342465753424657	1.9345238095238095	1.696165191740413	2.12443095599393
P187S6eM4-S73-L002_rmdup	14.255469301340861	6.528662420382165	6.499608457321848	5.3076923076923075	3.7037037037037033	4.341085271317829	3.310759969902182	3.235515425131678	2.9839326702371842	2.0319303338171264	2.3728813559322033	1.7817371937639197	1.55902004454343	2.413273001508296
P187bM3-L001_rmdup	12.49380267724343	6.33362362441612	5.633684915452871	4.599727542271015	3.9977657197574206	3.5737386804657176	2.8656126482213438	2.7517198248905568	2.5602169405008772	2.3018928456849537	2.3193647299315985	2.0488195278111245	1.9945090439276485	1.8331075157408145
P187bM3-S498-L001_rmdup	15.830867466126772	8.365529984881572	6.473311784747095	5.815778603882693	4.589787722317843	4.2492917847025495	3.4968511766655617	3.041733547351525	3.025657576246571	2.5356194156000966	2.4891601092018627	2.4299065420560746	2.037833888122108	2.1826675257731956
P187bM3-S498-L002_rmdup	16.168085604936344	8.309718286381065	6.38502580250153	5.943854449658352	4.374539198820349	4.298755186721992	3.5374036948057324	3.0535584457549074	3.064855248261362	2.5500764218486043	2.5082402122357106	2.3883273557222044	2.1287047650237434	2.2048250519252277
P187cM3-L001_rmdup	12.566450088600117	6.174688542446729	5.580357142857143	4.670310662146267	3.9359108324625565	3.2444632529270696	2.9658237994607592	2.63669164585068	2.6069984664714903	2.334332102292523	2.2063909254392033	1.9223897663117273	1.9581601746847925	1.9098548510313216
P187cM3-S499-L001_rmdup	15.790198237885464	8.477980203701046	6.486728303012228	5.686497231293483	4.869626497533474	4.1186761918647035	3.373247663551402	3.313826411901572	2.923479861258583	2.655303563882237	2.5274267462852382	2.4869203755464775	2.2691816763579635	1.9890988886529342
P187cM3-S499-L002_rmdup	16.096219931271477	8.703490049033746	6.386820130895961	5.626069594980034	4.873197414221781	4.083260806498404	3.6521739130434785	3.4221340512965845	2.847654041831543	2.816002269825507	2.5304136253041363	2.5150976909413854	2.1494661921708182	2.0018391455047038
P187cM3-S68-L001_rmdup	16.078610603290677	8.500192529842126	6.473191831807664	5.522437884496161	4.764839749668121	4.027656899719563	3.5091120589375726	3.2976364579893382	2.9731518245415014	2.563021272608003	2.4808717829816835	2.430093209054594	2.195873843964904	1.96032342986085
P187cM3-S68-L002_rmdup	16.106551739947733	8.413973292045675	6.586555382372166	5.504235868472694	4.737041959369661	4.064882715749599	3.535573985159319	3.2522624434389145	2.9131732272275115	2.5375719837071027	2.516692347200822	2.4022586974206823	2.1891584533737682	1.9549511262218444
P212M2-S271-L001_rmdup	12.55174568460517	8.706844336765597	7.664505155735091	8.312738710402156	5.992141453831041	6.253612299156167	6.050630037461687	5.228156333128709	4.779411764705882	4.128852099331804	3.75628512274475	3.453193439951105	3.048531810766721	3.006829069411885
P212M2-S271-L002_rmdup	12.682926829268293	8.835158150851582	7.813673929376409	8.238604389420372	5.9734513274336285	6.506809451751833	6.082780699748456	5.154212378389567	4.874052836371083	4.187118100771311	3.9231071008238527	3.5531958341841947	3.139701370423399	3.082614056720099
P212S6aM4-S76-L001_rmdup	13.157894736842104	8.428351309707242	7.193396226415095	7.481471122919871	6.297847753863932	6.090935087217615	4.926693963809272	4.3178126691932865	3.7770980183535046	3.724014794031374	3.3181696548033184	3.437717466945024	3.0365485023358065	2.8369757024569022
P212S6aM4-S76-L002_rmdup	13.134146341463415	8.339744576088629	7.362685907819172	7.351911496989218	6.348746195100739	5.982905982905983	4.90506329113924	4.254451542748402	3.713563157194197	3.751284686536485	3.4316998264120713	3.3698516155872973	3.0875258442453477	2.7766379428258787
P212S6aM5-S115-L001_rmdup	12.984293193717278	9.526938239159001	7.553260167850226	6.39853747714808	6.169822846670739	5.569155446756426	4.178757980266976	4.42632498543972	3.6240090600226504	3.2955159373311727	3.432228039557882	3.401759530791789	3.32541567695962	2.7710843373493974
P212S6aM5-S115-L002_rmdup	13.108038914490528	8.6	7.083599234205488	7.030303030303029	6.155778894472362	5.4169202678028	4.29927414852038	3.8879359634076613	4.8260381593714925	3.4013605442176873	4.7153536515238645	3.187721369539551	3.532136653155762	3.07599517490953
P212S6bM4-S77-L001_rmdup	13.18055867595297	8.742911153119092	6.92437272807873	6.96780804371958	6.0420315236427315	5.661962365591398	5.099173553719008	4.557312897440078	3.955901426718547	3.5367711925575427	3.4220221039705283	3.2721202003338896	2.9938587512794266	2.8684721167636886
P212S6bM4-S77-L002_rmdup	13.260122516061557	8.66275770758464	7.137129109863673	7.172743574417215	6.033803310272353	5.471841064062632	4.948777263714475	4.539897302143614	3.9322198800064863	3.5094731793108966	3.2515687393040507	3.3833952075599054	2.98482005799079	2.6971836977792907
P212S6bM5-S116-L001_rmdup	13.29605467536502	8.961064370964586	8.020891624696885	7.05532212885154	6.335174953959484	5.831723168803794	4.993089149965446	4.329004329004329	4.125273615086715	3.0185004868549172	3.5653360627772095	3.2534246575342465	2.9375549692172385	3.3666491320357705
P212S6bM5-S116-L002_rmdup	13.090744375660575	8.701498271225509	7.776560788608982	6.944444444444445	6.05527195916212	6.028429525603699	5.113354294224723	4.6303818034118605	4.124897288414133	3.6169869207169385	3.3937397034596377	3.339549076114596	3.0365414307771488	3.055229142185664
P212S6cM4-S78-L001_rmdup	13.210702341137123	8.43535886779737	7.454786060873402	7.304526748971194	6.287519747235387	5.252938170669392	4.8700328652524645	4.601805018347714	4.227706223576836	3.5677009203909287	3.3254624163715074	2.932083374887803	3.3833833833833835	2.7517447657028913
P212S6cM4-S78-L002_rmdup	13.274956217162872	8.585518941941269	7.532296912634115	7.366255144032922	6.14900314795383	5.17749974570237	4.870578936968979	4.563531517200238	4.049691871270665	3.5475675167027383	3.294117647058824	2.957578171678948	3.296262899509067	2.8897715988083417
P212S6cM5-S117-L001_rmdup	13.886847905951505	8.830436824800376	7.786691835771591	8.075601374570446	7.041629760850309	4.604985213350233	4.435146443514645	4.867256637168142	4.317718940936864	3.874755381604697	2.755267423014587	3.2098765432098766	3.204327923429047	2.8329809725158563
P212S6cM5-S117-L002_rmdup	13.360323886639677	8.932769158439116	7.66728624535316	7.218683651804671	5.942350332594235	4.401709401709402	4.28921568627451	4.562268803945746	3.9832285115303985	3.2361166600079905	3.345280764635603	3.0429345560650267	3.2627118644067794	2.59852750108272
P212S6dM4-S79-L001_rmdup	12.966825586015096	8.322655048692978	7.326549491211841	6.866681964203764	5.971474226193999	5.844647747800245	4.993297587131367	4.179186014750068	4.00219298245614	3.719699832640501	3.601046362776201	3.274082568807339	3.100466492206167	2.9585798816568047
P212S6dM4-S79-L002_rmdup	13.041529728114728	8.448264802104049	7.2171931769197615	6.850809693350178	5.9170188701708435	5.883724998542189	4.878730300659439	4.249493455999124	4.060522696011004	3.7516869095816467	3.494009473390917	3.245040706341016	3.1301765008282403	2.9425182481751824
P212S6eM4-S80-L001_rmdup	13.29822931185793	8.530183727034121	7.634354595680562	7.015563740049899	5.944889106128184	5.52664633052216	4.993032977241059	4.310006173185925	3.913410177115547	3.450739051596242	3.2505210974029635	3.1202076206205023	3.1224225285731118	2.8843346762421906
P212S6eM4-S80-L002_rmdup	13.355249640435588	8.530217987207935	7.494203897487312	7.0689145223306715	5.920058051641773	5.619183965640659	5.020266357845975	4.232774569714638	3.918934049938417	3.4013233444523427	3.3791748526522594	3.257865333725375	3.026385379326556	2.80466472303207
P212aM3-S500-L001_rmdup	12.899106002554278	8.789853796019024	7.894736842105263	8.648468708388815	6.5640307907627715	6.251278205739997	6.043918689237882	5.062161679852477	4.645084645084645	4.128146985289843	3.8490653933500263	3.6131085700813395	3.236952173122386	3.168930188229688
P212aM3-S500-L002_rmdup	12.79324509356458	8.51326341764343	7.726448709132963	8.5956657167473	6.555197985168602	6.258033962519451	5.932088744588745	4.807692307692308	4.553755522827688	4.062119719534102	3.70846981750117	3.5169093471113198	3.343005682505138	3.193457888139438
P212aM3-S74-L001_rmdup	5.454545454545454	9.523809523809524	12.195121951219512	10.0	10.526315789473683	10.256410256410255	6.0606060606060606	5.263157894736842	5.405405405405405	0.0	6.0606060606060606	5.88235294117647	3.0303030303030303	5.88235294117647
P212aM3-S74-L002_rmdup	9.433962264150944	3.3333333333333335	6.666666666666667	2.1739130434782608	2.3255813953488373	2.1739130434782608	6.666666666666667	2.127659574468085	11.627906976744185	7.6923076923076925	4.761904761904762	4.761904761904762	3.7735849056603774	4.0
P212bM3-S501-L001_rmdup	12.704269899841854	8.533973095707308	7.946781733189501	8.253086020810443	6.796574742094262	6.415266380096392	5.531859894015769	5.120036409147798	4.489234997709574	3.846578976456284	3.5783958530739643	3.337553228219588	3.2321366732078958	3.0246842044269324
P212bM3-S501-L002_rmdup	12.628106443809106	8.504247833176008	7.897252090800477	8.171727481500382	6.601941747572816	6.319845857418112	5.429632475348956	5.132122446670062	4.473878687965437	3.9568345323741005	3.5614179719703216	3.2590051457975986	3.4675806912310767	2.8753809879809076
P212bM3-S75-L001_rmdup	19.047619047619047	6.666666666666667	7.6923076923076925	30.0	30.0	0.0	7.6923076923076925	6.25	5.555555555555555	0.0	6.25	6.666666666666667	10.0	0.0
P212bM3-S75-L002_rmdup	21.73913043478261	0.0	20.0	0.0	5.88235294117647	0.0	8.333333333333332	0.0	6.666666666666667	0.0	4.545454545454546	0.0	0.0	7.142857142857142
P212cM3-S502-L001_rmdup	12.549630206305956	9.271010679461384	8.31458266366656	8.39600404085756	7.102375497407452	6.668966310221916	6.063055780113177	4.900675607542604	4.261535361676405	4.305458884359153	3.5402569383151907	3.6573045059608003	3.249872253449157	2.851011649294911
P212cM3-S502-L002_rmdup	12.999690114657577	9.12296841459675	8.083067092651758	8.454974174713676	6.800191892540178	6.541733731892389	5.920294862934808	5.045733239521559	4.18354943273906	4.173655648741984	3.469567774184063	3.612629022465088	3.4831915755366545	2.929845904298459
P246M2-S273-L001_rmdup	11.09350237717908	5.353728489483748	4.056437389770723	6.306306306306306	3.825136612021858	3.2085561497326207	2.7164685908319184	3.2928942807625647	2.083333333333333	1.607142857142857	2.841918294849023	1.7605633802816902	1.3793103448275863	1.7825311942959003
P246M2-S273-L002_rmdup	10.229007633587786	5.204460966542751	4.317789291882556	6.104129263913824	3.429602888086643	2.862254025044723	3.242320819112628	3.1358885017421603	2.0338983050847457	2.1238938053097343	2.4518388791593697	1.7574692442882252	1.386481802426343	1.926444833625219
P246S6aM4-S84-L001_rmdup	10.669456066945607	5.25	4.040404040404041	3.0660377358490565	3.45679012345679	5.357142857142857	3.7593984962406015	3.5294117647058822	1.7721518987341773	1.4962593516209477	1.2224938875305624	1.9867549668874174	1.6317016317016315	2.722772277227723
P246S6aM4-S84-L002_rmdup	10.991379310344827	4.785894206549118	3.787878787878788	3.1553398058252426	3.787878787878788	5.513784461152882	3.664921465968586	3.571428571428571	1.7766497461928936	1.550387596899225	1.256281407035176	2.0408163265306123	1.4423076923076923	2.525252525252525
P246S6aM5-S121-L001_rmdup	10.16949152542373	6.779661016949152	3.7037037037037033	1.639344262295082	5.88235294117647	3.1746031746031744	6.779661016949152	1.5151515151515151	1.5625	6.153846153846154	6.0	0.0	3.75	2.2222222222222223
P246S6aM5-S121-L002_rmdup	1.3513513513513513	1.3513513513513513	6.349206349206349	3.9473684210526314	1.282051282051282	6.0606060606060606	5.47945205479452	2.7777777777777777	3.1746031746031744	4.6875	1.4705882352941175	1.4492753623188406	2.898550724637681	1.5151515151515151
P246S6bM4-S85-L001_rmdup	6.282722513089005	5.333333333333334	3.0100334448160537	4.761904761904762	4.790419161676647	4.375	3.606557377049181	3.5483870967741935	1.9417475728155338	2.6470588235294117	2.3323615160349855	3.0864197530864197	3.481012658227848	1.6611295681063125
P246S6bM4-S85-L002_rmdup	6.036745406824147	6.354515050167224	3.322259136212625	4.73186119873817	5.089820359281437	3.9755351681957185	3.8834951456310676	2.9508196721311477	2.3255813953488373	2.312138728323699	2.0172910662824206	2.4539877300613497	3.5031847133757963	1.6181229773462782
P246S6bM5-S122-L001_rmdup	9.67741935483871	2.3255813953488373	8.333333333333332	8.51063829787234	4.166666666666666	0.0	6.0	1.9230769230769231	0.0	0.0	0.0	0.0	4.6875	3.8461538461538463
P246S6bM5-S122-L002_rmdup	11.538461538461538	6.382978723404255	6.25	6.0	0.0	2.0	2.0	3.6363636363636362	5.128205128205128	1.8181818181818181	0.0	2.0408163265306123	3.389830508474576	1.9607843137254901
P246S6cM4-S86-L001_rmdup	8.571428571428571	8.47457627118644	3.211009174311927	3.7433155080213902	3.8834951456310676	5.208333333333334	2.450980392156863	1.6483516483516485	2.3474178403755865	0.5555555555555556	2.5906735751295336	2.1052631578947367	2.127659574468085	1.694915254237288
P246S6cM4-S86-L002_rmdup	9.95475113122172	8.522727272727272	3.2407407407407405	3.664921465968586	2.912621359223301	3.5532994923857872	2.358490566037736	2.197802197802198	1.932367149758454	1.0362694300518136	3.015075376884422	1.7543859649122806	1.06951871657754	1.1428571428571428
P246S6cM5-S123-L001_rmdup	12.5	10.0	9.803921568627452	4.3478260869565215	6.122448979591836	7.8431372549019605	0.0	2.3255813953488373	0.0	2.564102564102564	5.128205128205128	0.0	7.5	5.128205128205128
P246S6cM5-S123-L002_rmdup	4.166666666666666	6.25	0.0	6.666666666666667	5.172413793103448	1.9607843137254901	0.0	4.25531914893617	0.0	3.9215686274509802	5.0	0.0	0.0	2.3255813953488373
P384M2-S279-L001_rmdup	15.064935064935064	6.728538283062645	6.964457252641691	5.761316872427984	4.770240700218818	4.515563349408154	3.2366540563261874	2.80561122244489	2.75	2.272727272727273	2.081563296516568	2.0293609671848016	1.897133220910624	1.7804154302670623
P384M2-S279-L002_rmdup	14.674512688488415	7.00228832951945	6.823642479577126	6.11592879963487	4.939862542955327	4.8759251197213755	3.38628762541806	2.88	2.2350993377483444	2.363488182559087	2.2287636669470143	2.1992238033635187	1.8059638807223857	1.6891891891891893
P384S6aM4-S98-L001_rmdup	14.580686149936467	6.7660088602496975	6.4660431069540465	5.227272727272727	4.007633587786259	3.8156403475632787	3.7105069801616457	3.6731891520768967	2.3176550783912746	2.1216407355021216	1.6876122082585279	2.2641509433962264	2.0096762188314106	1.8743109151047408
P384S6aM4-S98-L002_rmdup	14.682413022661986	7.105580088317945	6.107491856677524	5.151864667435602	3.8476190476190477	3.981797497155859	3.5871156661786237	3.7787701820680177	2.5351147653305928	2.338568935427574	1.938262742282843	2.1656534954407296	1.877581674802854	1.7241379310344827
P384S6aM5-S133-L001_rmdup	13.06532663316583	5.3156146179401995	6.333333333333334	6.306306306306306	6.051873198847262	6.1946902654867255	3.3426183844011144	6.417112299465241	1.8567639257294428	1.5625	1.8276762402088773	2.4024024024024024	1.1299435028248588	1.4970059880239521
P384S6aM5-S133-L002_rmdup	15.526315789473685	5.7926829268292686	7.508532423208192	5.491329479768786	4.424778761061947	5.120481927710843	4.081632653061225	4.336734693877551	1.36986301369863	2.3376623376623376	2.5139664804469275	0.6309148264984227	1.092896174863388	2.023121387283237
P384S6bM4-S99-L001_rmdup	14.637579169598874	6.923751095530236	5.558025789239663	5.690376569037657	4.705400981996727	4.67479674796748	3.493788819875776	3.0131826741996233	2.633587786259542	2.6367571822117277	1.9600156801254411	2.1882741535920727	2.083333333333333	1.6505636070853462
P384S6bM4-S99-L002_rmdup	14.712078651685392	7.236842105263158	5.684302579798863	5.597326649958228	4.495300367797303	4.738760631834751	3.2932971716388995	3.160270880361174	2.544625902012913	2.474469756480754	1.7578125	2.299794661190965	2.3459244532803183	1.6109544905356425
P384S6bM5-S134-L001_rmdup	13.328255902513328	7.020872865275142	5.593719332679097	4.524033930254477	5.185909980430528	4.04783808647654	3.0146425495262705	2.7049873203719357	2.3596419853539463	2.8268551236749118	2.4411508282476024	1.3333333333333335	1.8245004344048652	1.6057091882247994
P384S6bM5-S134-L002_rmdup	13.30827067669173	7.326355851569934	5.395348837209302	5.6939501779359425	5.352363960749331	4.916593503072871	3.0427631578947367	3.215434083601286	2.4489795918367347	2.626970227670753	2.347024308466052	1.7123287671232876	1.2715712988192553	2.4496937882764653
P384S6cM4-S100-L001_rmdup	14.124293785310735	6.364922206506366	5.263157894736842	5.654761904761905	4.2545949625595645	4.407345575959933	3.8498250079541836	2.898550724637681	2.9809465273509526	3.277655215884021	2.4050632911392404	2.4606299212598426	1.33768352365416	2.289348171701113
P384S6cM4-S100-L002_rmdup	14.30598921373829	6.376195536663125	5.104321907600596	5.625413633355394	4.41025641025641	4.390080428954423	3.8838017050836755	2.902055622732769	2.824685293214615	3.269412134548884	2.5023756731073803	2.4214659685863875	1.6798418972332017	2.239283429302623
P384S6cM5-S135-L001_rmdup	14.759036144578314	7.8711985688729875	3.71900826446281	5.636363636363637	4.18848167539267	6.468531468531468	2.73972602739726	2.2900763358778624	3.0844155844155843	2.547770700636943	2.689075630252101	2.6223776223776225	2.4432809773123907	2.1630615640599005
P384S6cM5-S135-L002_rmdup	13.076923076923078	6.037735849056604	5.627705627705628	5.37261698440208	3.787878787878788	4.887218045112782	3.662420382165605	3.1866464339908953	2.8708133971291865	2.978056426332288	2.4263431542461005	2.5597269624573378	1.2433392539964476	2.2530329289428077
P384aM3-S506-L001_rmdup	15.036075036075037	6.2857142857142865	6.71785028790787	5.704099821746881	4.890148830616584	4.770380918476326	4.065860215053763	3.2371794871794877	2.7410512737826505	2.956810631229236	2.4317121918720854	2.6224982746721874	2.0761245674740483	1.4338112704234744
P384aM3-S506-L002_rmdup	15.304649148137454	6.294452347083926	6.694882647171989	5.227108868060562	4.765317090648513	4.700854700854701	4.308617234468938	3.160270880361174	3.052939265995453	2.812706816677697	2.446280991735537	2.7411167512690358	2.2688209006531452	1.6026711185308846
P384bM3-S507-L001_rmdup	16.258688425506197	6.321401370906321	6.515906477577616	5.137751303052867	4.203216374269006	4.3604651162790695	3.68567454798331	3.576158940397351	2.5649794801641588	2.38255033557047	2.5094534204193883	2.490974729241877	2.0810907786149984	1.968365553602812
P384bM3-S507-L002_rmdup	16.30666261028293	6.760349411317888	6.321401370906321	5.396352809825084	4.404145077720207	4.527199707922599	3.7347294938917974	3.540701522170748	2.557980900409277	2.3224503534163583	2.400548696844993	2.5519504192489975	2.0202020202020203	1.9182948490230907
P384cM3-S508-L001_rmdup	15.71330117160579	7.686017988552739	6.336550566512798	5.705353653771004	5.645479668377417	4.272801972062449	3.801396431342126	3.1010580080262677	2.982791586998088	2.5297048677654272	2.237970906378217	2.5372533225936365	2.0759890325107717	1.9444444444444444
P384cM3-S508-L002_rmdup	15.64093845630738	7.53646677471637	6.247361756015196	5.856747130985358	5.779889152810768	4.715447154471545	4.0	3.1284103310294653	2.9748283752860414	2.609363008442057	2.2642910170749815	2.2909967845659165	2.1868787276341948	1.8673023440603893
P387M2-S280-L001_rmdup	12.981048715265667	6.718243734708722	5.804243668720055	4.901771336553945	4.504621794037235	3.870883938429564	3.398278205709107	3.104254915597142	2.698177603194024	2.557918121231355	2.2415780709619573	2.317837555497519	2.123676736380067	2.0841275892743676
P387M2-S280-L002_rmdup	13.209398995439061	6.596375617792422	5.936882284779497	4.652961268286396	4.511964530221034	3.7151902823544614	3.532293412401702	3.118082347732591	2.73224043715847	2.5781051562103126	2.2809046517604727	2.3055881203595154	2.159010827086937	2.166294998407136
P387S6aM4-S101-L001_rmdup	14.14614288622023	7.856787667826952	5.863354037267081	5.269307162051642	4.72550382209868	4.473406128918633	3.7999313265422914	3.1369548584544757	2.8698833752572606	2.4875056792367105	2.207704437936472	2.116585704371964	1.9473745218500058	1.8965113556544135
P387S6aM4-S101-L002_rmdup	14.271172638436482	7.587740978744439	5.954160438465371	5.436554132712457	4.598905576900687	4.646226415094339	3.903559127439724	3.2459699528457064	2.8325688073394497	2.6529445397369926	2.321367908504133	2.057848405167486	1.9607843137254901	1.831330922664178
P387S6aM5-S136-L001_rmdup	16.012396694214875	6.296296296296296	4.804045512010114	5.767012687427912	3.596287703016241	4.393063583815029	3.6322360953461974	3.9473684210526314	3.0439684329199546	2.798053527980535	2.631578947368421	2.2123893805309733	2.4165707710011506	1.83982683982684
P387S6aM5-S136-L002_rmdup	15.204678362573098	7.542579075425791	7.620164126611957	6.093189964157706	3.397508493771234	4.55531453362256	3.0303030303030303	2.3060796645702304	3.659849300322928	2.5527192008879025	2.182952182952183	2.6255707762557075	2.375296912114014	2.28310502283105
P387S6bM4-S102-L001_rmdup	14.566462571597866	7.7356871398798575	6.162464985994398	5.537009324277657	5.046390586105454	4.266113224950997	3.5499666147340307	3.2568072610784835	3.2081377151799684	2.7864467231386536	2.675472965409157	2.415569547796222	1.9371847776249427	2.1557160876046324
P387S6bM4-S102-L002_rmdup	14.16287803913817	7.679118187385181	6.226529376135676	5.638151875571821	4.7264523406655385	4.298225397557041	3.4976682211858763	3.3290789193788557	3.197059151164086	2.8256758260095673	2.5865896980461813	2.3970638834728755	1.9374927920655056	2.093049709930611
P387S6bM5-S137-L001_rmdup	13.801035077630821	7.65661252900232	7.223113964686998	5.386740331491713	4.982935153583617	4.088704088704088	3.63761153054221	4.09121395036888	2.904865649963689	2.9510395707578807	2.5534851621808143	2.2880215343203227	1.8284106891701828	1.9781718963165076
P387S6bM5-S137-L002_rmdup	13.511904761904761	7.850330154071901	7.081545064377683	5.459387483355526	3.943850267379679	3.9337474120082816	3.46435709526982	3.60592401802962	2.8820375335120643	2.7967257844474758	2.67022696929239	2.6009582477754964	1.8194070080862534	2.4242424242424243
P387S6cM4-S103-L001_rmdup	14.625270101216877	8.284023668639055	5.795516675779115	5.257099002302379	4.577642893272635	4.513934318984692	3.9837197829304394	2.937649880095923	2.842664689160796	2.6738639216670848	2.1193188778635306	2.1260146888287594	1.8492359059971746	2.236503856041131
P387S6cM4-S103-L002_rmdup	14.584517449130384	8.354114713216958	5.959901126064268	5.422526289116939	4.668023403714067	4.518586628136083	4.134781535423352	2.8120138805791552	2.879031261584085	2.711780072148277	2.2208588957055215	2.1499805724647065	1.6992790937178166	2.266872746007213
P387S6cM5-S138-L001_rmdup	15.191098209966134	7.428214731585518	6.3052445492044775	5.55256064690027	4.212253829321663	4.545454545454546	3.2502708559046587	2.204724409448819	2.588483888008452	2.6399155227032733	1.7722878625134264	2.0918070889018012	2.035203520352035	1.5718157181571817
P387S6cM5-S138-L002_rmdup	14.751046998604	6.598407281001138	6.076093128904032	4.4069640914037	4.205607476635514	4.387865655471289	3.1948881789137378	2.9615004935834155	2.587064676616915	2.7354024197790636	2.1450459652706844	2.097902097902098	2.0408163265306123	1.685985247629083
P387S6dM4-S104-L001_rmdup	14.48776758409786	7.406969875959835	6.214360526009543	5.227524972253052	5.152147643633967	4.163920017578554	3.874862788144896	3.2116788321167884	2.7204301075268815	2.6419098143236073	2.2693213444658533	2.1129085506767913	2.2674738580077047	1.8538713195201746
P387S6dM4-S104-L002_rmdup	14.389243825688949	7.59882005899705	6.299303944315546	5.319267073847862	5.061349693251533	4.088772275062862	3.791520979020979	3.1860440823148437	2.788844621513944	2.6307514935541345	2.2429705945481864	2.1639344262295084	2.2034641525981145	1.7593705605944705
P387S6eM4-S105-L001_rmdup	14.628124678531016	7.729164039843652	6.296945418127191	5.3870852657866575	5.0925380172108925	4.1746411483253585	3.747831116252169	2.75334171141323	3.0611079383209594	2.579683558816785	2.2076860179885527	1.9848771266540641	2.028155571462658	1.9346617238183503
P387S6eM4-S105-L002_rmdup	14.480566095785047	7.7039274924471295	6.207844116912316	5.495410684867028	4.9286640726329445	4.166666666666666	3.7666513550757923	2.8304040173476377	2.867546654528903	2.5886646139810696	2.116279069767442	2.013266612358897	2.100142382534409	1.9050917907862834
P387aM3-S509-L001_rmdup	13.304269392663862	7.337942955920484	6.123367852318776	5.0299713317696115	4.875168690958165	3.9535081021464324	3.541823662396383	3.1652989449003512	2.902528276779774	2.774130006565988	2.3899785726059006	2.1658206429780034	2.166709151159827	2.068157079460772
P387aM3-S509-L002_rmdup	12.832893247831006	7.520795815110197	6.208008599838753	5.033295857476434	4.883799259009767	3.991578947368421	3.64061456245825	3.303780528604885	2.729446689205904	2.7020447906523857	2.3918741808650066	2.0662899553006664	2.1226415094339623	2.046441697293685
P387bM3-S510-L001_rmdup	13.3225349260984	7.581000314564329	6.297023225384364	4.6589780798900176	4.463281074187983	4.424915201973481	3.337125521425863	3.493256688038912	2.78612195854611	2.413352379520337	2.5442065209281504	2.183206106870229	2.3101047961447256	1.9893292682926829
P387bM3-S510-L002_rmdup	13.343287634043707	7.4616180097048765	6.015714519561302	4.90233922643403	4.310927525347353	4.056030170091588	3.5465338950593646	3.473707500553138	2.8887891034276305	2.4741645922908653	2.5435073627844713	2.1692472788594204	2.248050160575011	1.8671564126109579
P387cM3-S511-L001_rmdup	13.366157410759538	7.6267646813131735	5.996381493926079	5.0044901624622415	4.639934533551555	3.84900074019245	3.661493695441319	3.033980582524272	2.839756592292089	2.7070838061274114	2.4690365127875182	2.3386496983720355	2.174446170195373	2.2127868049318202
P387cM3-S511-L002_rmdup	13.11929952572054	7.690380761523046	6.159760785988894	4.81068677266022	4.401639344262295	3.7509253927778237	3.5939776590577948	3.1171565055461095	2.930936766253745	2.5520917460830237	2.539046856227473	2.3564307489494936	2.188112344872632	2.1318144833197725
R21E1S1S2-S58-L001_rmdup	19.062133645955452	10.783931357254291	9.088924465143357	7.577371256734746	6.6016017638857365	5.744151653670341	4.852158296453082	4.2868820199206805	3.4978800726832224	3.312727380283356	3.036949038959457	2.7965221905009083	2.601426588774489	2.422156459083891
R21E1S1S2-S58-L002_rmdup	19.02760152284264	10.719295511221945	9.19599280760339	7.4488894497728415	6.707277347058441	5.891660775005891	5.077596754459399	4.360146252285192	3.600923002186058	3.25075097403563	2.9555596307842777	2.7443975316661255	2.5621874391115154	2.411736256650008
R36E1S1S2-S59-L001_rmdup	20.761215957991723	10.773947865178348	8.983832165324328	7.620801635221442	6.896666179848378	6.1712447046760746	5.334782510246134	4.64926390236116	4.144534006909105	3.636437156294324	3.39755106201343	3.2153431584550383	3.048562579415502	2.871653923567333
R36E1S1S2-S59-L002_rmdup	20.73254393817738	10.782495692550302	8.964183010456777	7.590776366709977	6.89106299658344	6.225903910644835	5.388256654670428	4.627526598621167	4.12358004404698	3.6668017582691648	3.408357663534087	3.2284859341693104	3.0518116808889597	2.865445808169362
R44E1S1S2-S62-L001_rmdup	14.297872340425533	7.330827067669173	6.893382352941177	5.555555555555555	3.9886039886039883	3.677758318739054	2.5735294117647056	2.8751123090745736	3.181427343078246	2.0480854853072126	2.338129496402878	1.8181818181818181	1.9038984587488668	1.7316017316017316
R44E1S1S2-S62-L002_rmdup	13.81692573402418	6.426484907497566	6.585136406396989	5.397987191216835	4.041353383458646	3.8358608385370205	2.425373134328358	2.898550724637681	3.359173126614987	2.4215246636771304	1.9372693726937271	1.6441005802707929	2.3679417122040074	1.6814159292035398
