Sample	QualiMap_mqc-generalstats-qualimap-avg_gc	QualiMap_mqc-generalstats-qualimap-1_x_pc	QualiMap_mqc-generalstats-qualimap-3_x_pc	QualiMap_mqc-generalstats-qualimap-5_x_pc	QualiMap_mqc-generalstats-qualimap-10_x_pc	QualiMap_mqc-generalstats-qualimap-20_x_pc	QualiMap_mqc-generalstats-qualimap-median_coverage	QualiMap_mqc-generalstats-qualimap-mean_coverage	QualiMap_mqc-generalstats-qualimap-percentage_aligned	QualiMap_mqc-generalstats-qualimap-mapped_reads	QualiMap_mqc-generalstats-qualimap-total_reads	QualiMap_mqc-generalstats-qualimap-general_error_rate	Snippy_mqc-generalstats-snippy-VariantTotal	Snippy_mqc-generalstats-snippy-Variant_SNP	Snippy_mqc-generalstats-snippy-Variant_INS	Snippy_mqc-generalstats-snippy-Variant_DEL	Snippy_mqc-generalstats-snippy-Variant_COMPLEX	endorSpy_mqc-generalstats-endorspy-endogenous_dna	endorSpy_mqc-generalstats-endorspy-endogenous_dna_post	Picard_mqc-generalstats-picard-PERCENT_DUPLICATION	Adapter Removal_mqc-generalstats-adapter_removal-percent_aligned	Adapter Removal_mqc-generalstats-adapter_removal-aligned_total	FastQC_mqc-generalstats-fastqc-percent_duplicates	FastQC_mqc-generalstats-fastqc-percent_gc	FastQC_mqc-generalstats-fastqc-avg_sequence_length	FastQC_mqc-generalstats-fastqc-percent_fails	FastQC_mqc-generalstats-fastqc-total_sequences	Samtools_mqc-generalstats-samtools-flagstat_total	Samtools_mqc-generalstats-samtools-mapped_passed	DamageProfiler_mqc-generalstats-damageprofiler-3_Prime1	DamageProfiler_mqc-generalstats-damageprofiler-3_Prime2	DamageProfiler_mqc-generalstats-damageprofiler-5_Prime1	DamageProfiler_mqc-generalstats-damageprofiler-5_Prime2	DamageProfiler_mqc-generalstats-damageprofiler-std	DamageProfiler_mqc-generalstats-damageprofiler-median	DamageProfiler_mqc-generalstats-damageprofiler-mean_readlength
D24	43.72616652294721	72.04278389309825	33.353920562832634	13.726995945012842	1.0650837343978234	0.020725259868049867	2	2.1207	100.0	130105.0	130105.0	1.25	50	46	4	0	0																			
D24-L001																		5.308013	5.021344	0.722778																
D24-L001_1																					97.99721470622424	17299170	32.98754866038135	56.0	91.0	9.090909090909092	8826358.0									
D24-L001_2																							33.106538366390524	57.0	91.0	18.181818181818183	8826358.0									
D24-L001_flagstat																												7911925	419966							
D24-L001_postfilterflagstat																												397285	397285							
D24-L001_rmdup																														0.1682303724462857	0.08728949818058729	0.15003984366106327	0.07954593587191325	29.8856130763962	72.0	79.21818675843423
D24-L002																		5.291426	5.000406	0.720381																
D24-L002_1																					98.0237412595259	17210140	32.94154632466373	56.0	91.0	9.090909090909092	8778557.0									
D24-L002_2																							32.82898192449238	57.0	91.0	18.181818181818183	8778557.0									
D24-L002_flagstat																												7865781	416212							
D24-L002_postfilterflagstat																												393321	393321							
D24-L002_rmdup																														0.16731517509727625	0.08844544032469454	0.1479839320903441	0.08049732665704828	29.890795553356686	72.0	79.20189743681183
D25	44.163461538461554	4.134140672960162	0.027619876787191334	0.009813959218237401	0.00281581952253225	0.0005590229934439026	0	0.0441	100.0	2906.0	2906.0	1.32	9	7	0	1	1																			
D25-L001																		0.355688	0.213187	0.793917																
D25-L001_1																					98.44805402177099	13816828	51.1721311734746	59.0	91.0	18.181818181818183	7017319.0									
D25-L001_2																							50.01512065215779	59.0	91.0	27.27272727272727	7017319.0									
D25-L001_flagstat																												6122782	21778							
D25-L001_postfilterflagstat																												13053	13053							
D25-L001_rmdup																														0.13819875776397517	0.10210696920583469	0.13178294573643412	0.08333333333333333	32.11802636935058	67.0	76.04098915989198
D25-L002																		0.356927	0.213973	0.794738																
D25-L002_1																					98.459686059975	13764032	51.15161146097577	59.0	91.0	18.181818181818183	6989679.0									
D25-L002_2																							49.978806920823935	59.0	91.0	18.181818181818183	6989679.0									
D25-L002_flagstat																												6092835	21747							
D25-L002_postfilterflagstat																												13037	13037							
D25-L002_rmdup																														0.13744075829383887	0.09854604200323101	0.13677811550151975	0.08488964346349745	32.36197399831211	67.0	76.1195097037798
D51	42.358244733979966	87.80638342144847	70.90970639905339	57.10910575990376	34.62182612107403	13.692398633085258	6	9.243	100.0	642107.0	642107.0	1.39	133	118	4	6	5																			
D51-L001																		4.999055	4.775265	0.301945																
D51-L001_1																					99.16460214282726	27448272	19.148391387193584	58.0	91.0	9.090909090909092	13839753.0									
D51-L001_2																							19.29739998455966	58.0	91.0	18.181818181818183	13839753.0									
D51-L001_flagstat																												12406745	620220							
D51-L001_postfilterflagstat																												592455	592455							
D51-L001_rmdup																														0.2231652260950256	0.11864089775561097	0.19894465360329647	0.1127794295097466	20.195009132125662	66.0	69.11517736327248
D51-L002																		4.977636	4.754738	0.299085																
D51-L002_1																					99.17686543675937	27332194	19.08378588603783	58.0	91.0	9.090909090909092	13779521.0									
D51-L002_2																							19.08936235594564	58.0	91.0	18.181818181818183	13779521.0									
D51-L002_flagstat																												12344192	614449							
D51-L002_postfilterflagstat																												586934	586934							
D51-L002_rmdup																														0.22382816208973805	0.12080244221543829	0.2004156975305587	0.11176171395253631	20.169944441416757	66.0	69.09046919215184
D62	43.577887055837564	82.27601035641857	55.23397700345041	34.33765609940671	8.091630079992049	0.38303427328563694	3	3.8686	100.0	315457.0	315457.0	1.3	66	59	4	2	1																			
D62-L001																		23.349737	22.515187	0.834863																
D62-L001_1																					97.81224480712301	17228774	53.50091616668052	54.0	91.0	27.27272727272727	8807064.0									
D62-L001_2																							53.64759391986495	53.0	91.0	27.27272727272727	8807064.0									
D62-L001_flagstat																												7881609	1840335							
D62-L001_postfilterflagstat																												1774559	1774559							
D62-L001_rmdup																														0.22172952268709487	0.11827650880835956	0.20495132664160712	0.11133559299393898	17.861883570594888	56.0	59.54457588979921
D62-L002																		23.282786	22.443357	0.833402																
D62-L002_1																					97.83758019167342	17114814	53.30578871603772	54.0	91.0	27.27272727272727	8746544.0									
D62-L002_2																							53.187650617969844	53.0	91.0	27.27272727272727	8746544.0									
D62-L002_flagstat																												7823647	1821563							
D62-L002_postfilterflagstat																												1755889	1755889							
D62-L002_rmdup																														0.2223797917128296	0.119069205197945	0.2047932084728711	0.11099607581197295	17.877586142799572	56.0	59.574456458597034
D71	43.395969917290415	93.99315300355808	89.1726977310913	83.64333918927173	70.01605638264503	47.56086880455003	18	22.9904	100.0	1630634.0	1630634.0	1.2	122	111	5	4	2																			
D71-L001																		31.107947	30.002208	0.687583																
D71-L001_1																					99.11915763067233	30774748	33.16960509599167	50.0	91.0	9.090909090909092	15524117.0									
D71-L001_2																							33.264189460841294	51.0	91.0	27.27272727272727	15524117.0									
D71-L001_flagstat																												14381425	4473766							
D71-L001_postfilterflagstat																												4314745	4314745							
D71-L001_rmdup																														0.19636533268506778	0.0954752233495924	0.17527839573572307	0.09009219139208105	20.544912305197727	65.0	68.20342408645946
D71-L002																		31.047832	29.942336	0.685589																
D71-L002_1																					99.12702507052673	30555392	32.908449935554586	50.0	91.0	9.090909090909092	15412241.0									
D71-L002_2																							32.83159201428563	51.0	91.0	27.27272727272727	15412241.0									
D71-L002_flagstat																												14270333	4430629							
D71-L002_postfilterflagstat																												4272871	4272871							
D71-L002_rmdup																														0.19692694666767632	0.09519902333768668	0.1747513930832312	0.08951601532383144	20.52557178375685	65.0	68.17646489709368
D72	44.769035348769684	87.75834885312292	67.86441828999007	49.532584311537306	19.131278268188176	1.8094124978907233	4	5.6398	100.0	409292.0	409292.0	1.25	122	108	8	3	3																			
D72-L001																		10.409422	9.965647	0.650322																
D72-L001_1																					98.97732936615407	21430896	27.916110432741846	54.0	91.0	9.090909090909092	10826164.0									
D72-L001_2																							28.112247935772587	54.0	91.0	18.181818181818183	10826164.0									
D72-L001_flagstat																												9559128	995050							
D72-L001_postfilterflagstat																												952629	952629							
D72-L001_rmdup																														0.1784125875065504	0.10150924378663696	0.1576812253563846	0.09614634998723066	20.96338217908383	63.0	67.09081337905533
D72-L002																		10.377971	9.935004	0.648263																
D72-L002_1																					98.9909871350674	21315068	27.777973271524175	54.0	91.0	9.090909090909092	10766166.0									
D72-L002_2																							27.70027274162382	54.0	91.0	18.181818181818183	10766166.0									
D72-L002_flagstat																												9498899	985793							
D72-L002_postfilterflagstat																												943716	943716							
D72-L002_rmdup																														0.17777717947337246	0.10012842122160687	0.15760374493927126	0.09636175613424838	20.964625883112248	63.0	67.09015875308879
D75	44.592997786456834	93.84383175064262	89.34057026556698	83.90831608816414	69.11975618315664	40.299284347045614	16	17.709	100.0	1326098.0	1326098.0	1.1400000000000001	160	144	9	5	2																			
D75-L001																		58.193111	56.114179	0.837346																
D75-L001_1																					99.08487124179344	27085884	59.99286583344528	47.0	91.0	18.181818181818183	13668022.0									
D75-L001_2																							60.027985300375626	47.0	91.0	27.27272727272727	13668022.0									
D75-L001_flagstat																												13246800	7708725							
D75-L001_postfilterflagstat																												7433333	7433333							
D75-L001_rmdup																														0.18320061218285819	0.09314307412514738	0.16676108786472257	0.08730042362302702	18.792526642205253	61.0	64.7792105233238
D75-L002																		58.235592	56.156396	0.835812																
D75-L002_1																					99.09557518888013	26775670	59.811489496519414	47.0	91.0	18.181818181818183	13510023.0									
D75-L002_2																							59.62131108669105	47.0	91.0	27.27272727272727	13510023.0									
D75-L002_flagstat																												13093618	7625146							
D75-L002_postfilterflagstat																												7352904	7352904							
D75-L002_rmdup																														0.18277960411275093	0.09333739630403316	0.16676684388625623	0.0875062425188861	18.786303895162998	61.0	64.76430793796149
P187	42.46856404635139	78.46341142746522	54.59621458615217	39.58700623517683	18.441713053497466	3.5728815875424833	3	5.2367	100.0	330435.0	330435.0	1.1400000000000001	120	108	6	4	2																			
P187M2-S270-L001																		42.929984	41.018268	0.699026																
P187M2-S270-L001_1																					97.33430520122872	710410	49.83719898049117	45.0	86.0	9.090909090909092	364933.0									
P187M2-S270-L001_2																							49.36129711980666	45.0	91.0	9.090909090909092	364933.0									
P187M2-S270-L001_flagstat																												344978	148099							
P187M2-S270-L001_postfilterflagstat																												141504	141504							
P187M2-S270-L001_rmdup																														0.15601846880704393	0.08389996542583843	0.1472283349051661	0.07596218771100607	27.204821700798487	75.0	80.4816232235811
P187M2-S270-L002																		43.0715	41.176146	0.69834																
P187M2-S270-L002_1																					97.34710008892402	709380	49.7517284830746	45.0	86.0	9.090909090909092	364356.0									
P187M2-S270-L002_2																							49.108886739009364	45.0	91.0	9.090909090909092	364356.0									
P187M2-S270-L002_flagstat																												344685	148461							
P187M2-S270-L002_postfilterflagstat																												141928	141928							
P187M2-S270-L002_rmdup																														0.15609704192381357	0.08378100354326208	0.15070229168866828	0.07757562227927224	27.168548138482798	75.0	80.35681786526075
P187M2-S67-L001																		40.957896	38.943563	0.525394																
P187M2-S67-L001_1																					98.48318163100996	320482	37.81519920900933	46.0	91.0	9.090909090909092	162709.0									
P187M2-S67-L001_2																							37.558238202928706	46.0	91.0	9.090909090909092	162709.0									
P187M2-S67-L001_flagstat																												156280	64009							
P187M2-S67-L001_postfilterflagstat																												60861	60861							
P187M2-S67-L001_rmdup																														0.15348101265822786	0.08287568647029456	0.1439266615737204	0.07731703287625971	26.936929690483264	74.0	79.48345279330664
P187M2-S67-L002																		41.234591	39.202079	0.530159																
P187M2-S67-L002_1																					98.46967015187732	323786	38.49484586808375	46.0	91.0	9.090909090909092	164409.0									
P187M2-S67-L002_2																							38.116620496327535	46.0	91.0	9.090909090909092	164409.0									
P187M2-S67-L002_flagstat																												157785	65062							
P187M2-S67-L002_postfilterflagstat																												61855	61855							
P187M2-S67-L002_rmdup																														0.15753962027302684	0.08201680672268907	0.14472285497342444	0.07419566644780039	27.03465272688862	74.0	79.4223820561717
P187S6aM4-S69-L001																		41.903263	40.176665	0.967958																
P187S6aM4-S69-L001_1																					98.61679904590139	4726502	78.9642448554203	48.0	91.0	18.181818181818183	2396398.0									
P187S6aM4-S69-L001_2																							78.46928176408795	49.0	91.0	18.181818181818183	2396398.0									
P187S6aM4-S69-L001_flagstat																												2137497	895681							
P187S6aM4-S69-L001_postfilterflagstat																												858775	858775							
P187S6aM4-S69-L001_rmdup																														0.14960375222383956	0.08015927977839335	0.13740959894806049	0.07427472911569381	25.203312444413857	63.0	68.60533985822822
P187S6aM4-S69-L002																		41.919377	40.190359	0.968027																
P187S6aM4-S69-L002_1																					98.64016505926777	4745458	79.37566487952645	48.0	91.0	18.181818181818183	2405439.0									
P187S6aM4-S69-L002_2																							78.70653199696056	49.0	91.0	18.181818181818183	2405439.0									
P187S6aM4-S69-L002_flagstat																												2145206	899257							
P187S6aM4-S69-L002_postfilterflagstat																												862166	862166							
P187S6aM4-S69-L002_rmdup																														0.14878166854929806	0.07957880200241671	0.1411706837186424	0.07462425725270884	25.116503317994983	63.0	68.56063218390288
P187S6aM5-S112-L001																		2.542007	2.398011	0.184877																
P187S6aM5-S112-L001_1																					98.78317625350022	1253762	30.534186339379147	56.0	91.0	9.090909090909092	634603.0									
P187S6aM5-S112-L001_2																							30.486534017883187	57.0	91.0	18.181818181818183	634603.0									
P187S6aM5-S112-L001_flagstat																												396537	10080							
P187S6aM5-S112-L001_postfilterflagstat																												9509	9509							
P187S6aM5-S112-L001_rmdup																														0.13125695216907676	0.0855222968845449	0.14374295377677565	0.07334963325183375	24.65381990526679	61.0	66.75418227215853
P187S6aM5-S112-L002																		2.557871	2.412245	0.193994																
P187S6aM5-S112-L002_1																					98.84198050086026	1292606	30.93814820996033	56.0	91.0	9.090909090909092	653875.0									
P187S6aM5-S112-L002_2																							31.19896609974711	57.0	91.0	18.181818181818183	653875.0									
P187S6aM5-S112-L002_flagstat																												408582	10451							
P187S6aM5-S112-L002_postfilterflagstat																												9856	9856							
P187S6aM5-S112-L002_rmdup																														0.12641083521444696	0.08062575210589651	0.14647577092511013	0.07824540604623592	24.620276357177303	61.0	66.91674792783984
P187S6bM4-S70-L001																		35.964832	34.535948	0.964504																
P187S6bM4-S70-L001_1																					98.35059892193628	4645742	72.62657309664385	51.0	91.0	27.27272727272727	2361827.0									
P187S6bM4-S70-L001_2																							71.21713065138454	50.0	91.0	27.27272727272727	2361827.0									
P187S6bM4-S70-L001_flagstat																												1932207	694915							
P187S6bM4-S70-L001_postfilterflagstat																												667306	667306							
P187S6bM4-S70-L001_rmdup																														0.14192708333333334	0.07278742762613731	0.129512467435802	0.07173425718361524	25.493460569798607	62.0	68.38333124660436
P187S6bM4-S70-L002																		36.047028	34.606224	0.964582																
P187S6bM4-S70-L002_1																					98.34039352911229	4662914	73.00172247351964	51.0	91.0	27.27272727272727	2370803.0									
P187S6bM4-S70-L002_2																							71.62944874763085	50.0	91.0	27.27272727272727	2370803.0									
P187S6bM4-S70-L002_flagstat																												1938501	698772							
P187S6bM4-S70-L002_postfilterflagstat																												670842	670842							
P187S6bM4-S70-L002_rmdup																														0.13846153846153847	0.07073623427510826	0.13054781801299908	0.07240187105958917	25.51235502439411	62.0	68.42610468502937
P187S6bM5-S113-L001																		0.390232	0.364518	0.079686																
P187S6bM5-S113-L001_1																					98.63174645077193	3482180	40.25318552442074	58.0	91.0	9.090909090909092	1765243.0									
P187S6bM5-S113-L001_2																							40.23793778848932	56.0	91.0	18.181818181818183	1765243.0									
P187S6bM5-S113-L001_flagstat																												840013	3278							
P187S6bM5-S113-L001_postfilterflagstat																												3062	3062							
P187S6bM5-S113-L001_rmdup																														0.14691943127962084	0.08261617900172118	0.14523449319213314	0.08018867924528301	25.166277840960415	62.0	67.75049309664755
P187S6bM5-S113-L002																		0.388932	0.358044	0.082068																
P187S6bM5-S113-L002_1																					98.70126218548735	3580562	40.676906430723925	58.0	91.0	9.090909090909092	1813838.0									
P187S6bM5-S113-L002_2																							40.91116550189759	56.0	91.0	18.181818181818183	1813838.0									
P187S6bM5-S113-L002_flagstat																												864418	3362							
P187S6bM5-S113-L002_postfilterflagstat																												3095	3095							
P187S6bM5-S113-L002_rmdup																														0.152	0.07654723127035831	0.15562403697996918	0.07085346215780998	24.730068972726922	61.0	66.52795031055868
P187S6cM4-S71-L001																		41.811551	39.917262	0.967765																
P187S6cM4-S71-L001_1																					98.5242564085485	5443276	78.77379497421738	49.0	91.0	18.181818181818183	2762404.0									
P187S6cM4-S71-L001_2																							78.21789420531594	48.0	91.0	27.27272727272727	2762404.0									
P187S6cM4-S71-L001_flagstat																												2466572	1031312							
P187S6cM4-S71-L001_postfilterflagstat																												984588	984588							
P187S6cM4-S71-L001_rmdup																														0.14470903198534593	0.07531635920109774	0.14283695959310538	0.07444094251838511	24.69121141365324	61.0	67.31519430213113
P187S6cM4-S71-L002																		41.870893	39.964375	0.967977																
P187S6cM4-S71-L002_1																					98.53956652092667	5478928	79.084086572228	49.0	91.0	18.181818181818183	2780065.0									
P187S6cM4-S71-L002_2																							78.42527607740638	48.0	91.0	27.27272727272727	2780065.0									
P187S6cM4-S71-L002_flagstat																												2483637	1039921							
P187S6cM4-S71-L002_postfilterflagstat																												992570	992570							
P187S6cM4-S71-L002_rmdup																														0.1439853335213651	0.07620504973221118	0.14235476156984106	0.072686230248307	24.65012285301799	61.0	67.27614710377492
P187S6cM5-S114-L001																		2.637258	2.451504	0.127949																
P187S6cM5-S114-L001_1																					98.73241432449308	891842	25.47952960902748	56.0	91.0	9.090909090909092	451646.0									
P187S6cM5-S114-L001_2																							25.45466648342834	56.0	91.0	18.181818181818183	451646.0									
P187S6cM5-S114-L001_flagstat																												269712	7113							
P187S6cM5-S114-L001_postfilterflagstat																												6612	6612							
P187S6cM5-S114-L001_rmdup																														0.13822393822393822	0.06764960971379011	0.14036418816388468	0.06891025641025642	24.608739474861185	60.0	66.35771276595631
P187S6cM5-S114-L002																		2.565875	2.415707	0.120581																
P187S6cM5-S114-L002_1																					98.84416799763127	914698	25.8955586173105	56.0	91.0	9.090909090909092	462697.0									
P187S6cM5-S114-L002_2																							26.09848481632733	56.0	91.0	18.181818181818183	462697.0									
P187S6cM5-S114-L002_flagstat																												276358	7091							
P187S6cM5-S114-L002_postfilterflagstat																												6676	6676							
P187S6cM5-S114-L002_rmdup																														0.12757830404889228	0.07326892109500806	0.14497041420118342	0.05748987854251012	24.06865208359429	60.0	65.6684658161586
P187S6dM4-S72-L001																		42.449808	40.738961	0.971897																
P187S6dM4-S72-L001_1																					97.79967373632581	4255344	76.63560512589135	48.0	91.0	27.27272727272727	2175541.0									
P187S6dM4-S72-L001_2																							75.86282098056915	47.0	91.0	27.27272727272727	2175541.0									
P187S6dM4-S72-L001_flagstat																												1927057	818032							
P187S6dM4-S72-L001_postfilterflagstat																												785063	785063							
P187S6dM4-S72-L001_rmdup																														0.14376742333731582	0.07339046363436608	0.14426957223567394	0.07561929595827901	25.942854624767506	64.0	69.7840354568671
P187S6dM4-S72-L002																		42.591906	40.88887	0.972137																
P187S6dM4-S72-L002_1																					97.80589567834308	4279540	76.87930948680544	48.0	91.0	27.27272727272727	2187772.0									
P187S6dM4-S72-L002_2																							75.89114921109396	47.0	91.0	27.27272727272727	2187772.0									
P187S6dM4-S72-L002_flagstat																												1937246	825110							
P187S6dM4-S72-L002_postfilterflagstat																												792118	792118							
P187S6dM4-S72-L002_rmdup																														0.1417464114832536	0.07196138657305835	0.14320193081255028	0.07262448358338769	25.896092382199754	63.0	69.66976952338007
P187S6eM4-S73-L001																		40.727324	39.054753	0.987452																
P187S6eM4-S73-L001_1																					98.91598413287292	2772892	89.13175343472028	49.0	91.0	18.181818181818183	1401640.0									
P187S6eM4-S73-L001_2																							87.74283592541734	48.0	91.0	18.181818181818183	1401640.0									
P187S6eM4-S73-L001_flagstat																												1284489	523138							
P187S6eM4-S73-L001_postfilterflagstat																												501654	501654							
P187S6eM4-S73-L001_rmdup																														0.14124293785310735	0.0703883495145631	0.12389380530973451	0.07697947214076246	25.1314128266628	61.0	66.96426935410027
P187S6eM4-S73-L002																		40.929905	39.247329	0.987523																
P187S6eM4-S73-L002_1																					98.94246882722186	2786774	89.32265169230791	49.0	91.0	18.181818181818183	1408280.0									
P187S6eM4-S73-L002_2																							87.99631949679616	48.0	91.0	18.181818181818183	1408280.0									
P187S6eM4-S73-L002_flagstat																												1291056	528428							
P187S6eM4-S73-L002_postfilterflagstat																												506705	506705							
P187S6eM4-S73-L002_rmdup																														0.14255469301340862	0.06528662420382166	0.12223858615611193	0.07675438596491228	25.22498924613099	61.0	67.04893617021256
P187bM3-L001																		43.124444	41.294397	0.891886																
P187bM3-L001_1																					65.54590276913362	863583	69.79978285771803	45.0	91.0	18.181818181818183	1317524.0									
P187bM3-L001_flagstat																												1310185	565010							
P187bM3-L001_postfilterflagstat																												541033	541033							
P187bM3-L001_rmdup																														0.1249380267724343	0.0633362362441612	0.15055443923494827	0.07880061424068537	16.14927983300077	77.0	74.3450270445462
P187bM3-S498-L001																		43.859194	42.078594	0.892205																
P187bM3-S498-L001_1																					97.69264165206857	2574248	69.79978285771803	45.0	91.0	18.181818181818183	1317524.0									
P187bM3-S498-L001_2																							69.64421100936454	45.0	91.0	18.181818181818183	1317524.0									
P187bM3-S498-L001_flagstat																												1256936	551282							
P187bM3-S498-L001_postfilterflagstat																												528901	528901							
P187bM3-S498-L001_rmdup																														0.15830867466126772	0.08365529984881573	0.1509218345268932	0.07949547755372999	28.108739983373322	76.0	81.89774294342023
P187bM3-S498-L002																		43.878051	42.109784	0.892069																
P187bM3-S498-L002_1																					97.69403867308327	2568388	70.50146266278855	45.0	91.0	18.181818181818183	1314506.0									
P187bM3-S498-L002_2																							69.87783816974483	45.0	91.0	18.181818181818183	1314506.0									
P187bM3-S498-L002_flagstat																												1253939	550204							
P187bM3-S498-L002_postfilterflagstat																												528031	528031							
P187bM3-S498-L002_rmdup																														0.16168085604936344	0.08309718286381064	0.15075955194107718	0.07888879729618334	28.08316924977421	76.0	81.81522745131929
P187cM3-L001																		38.239658	36.65548	0.791906																
P187cM3-L001_1																					70.53732712038095	635329	53.35000591196547	46.0	91.0	18.181818181818183	900699.0									
P187cM3-L001_flagstat																												889736	340232							
P187cM3-L001_postfilterflagstat																												326137	326137							
P187cM3-L001_rmdup																														0.12566450088600117	0.06174688542446729	0.15224846328049174	0.08153241650294696	15.990003323744574	78.0	74.75890322295066
P187cM3-S499-L001																		38.806449	37.256882	0.793612																
P187cM3-S499-L001_1																					98.56089548228654	1775474	53.35000591196547	46.0	91.0	18.181818181818183	900699.0									
P187cM3-S499-L001_2																							53.385232135468854	46.0	91.0	27.27272727272727	900699.0									
P187cM3-S499-L001_flagstat																												863725	335181							
P187cM3-S499-L001_postfilterflagstat																												321797	321797							
P187cM3-S499-L001_rmdup																														0.15790198237885464	0.08477980203701047	0.15278969957081545	0.08214157384117858	27.952988498599282	77.0	82.52809308880674
P187cM3-S499-L002																		38.775318	37.243622	0.792584																
P187cM3-S499-L002_1																					98.55335385740712	1767718	53.88801032603225	46.0	91.0	18.181818181818183	896833.0									
P187cM3-S499-L002_2																							53.61199857484466	46.0	91.0	27.27272727272727	896833.0									
P187cM3-S499-L002_flagstat																												859374	333225							
P187cM3-S499-L002_postfilterflagstat																												320062	320062							
P187cM3-S499-L002_rmdup																														0.16096219931271477	0.08703490049033746	0.15248391589838828	0.0787974911686252	27.93465268500518	77.0	82.41500150014478
P187cM3-S68-L001																		35.885683	34.223116	0.908968																
P187cM3-S68-L001_1																					99.14886693140495	6459162	62.44661153059683	47.0	91.0	18.181818181818183	3257305.0									
P187cM3-S68-L001_2																							61.86118116321098	48.0	91.0	27.27272727272727	3257305.0									
P187cM3-S68-L001_flagstat																												3127994	1122502							
P187cM3-S68-L001_postfilterflagstat																												1070497	1070497							
P187cM3-S68-L001_rmdup																														0.16078610603290677	0.08500192529842125	0.1519864900897698	0.08101363025532732	27.608546068493002	75.0	80.40332978594068
P187cM3-S68-L002																		35.899987	34.24321	0.909547																
P187cM3-S68-L002_1																					99.16147550191633	6479070	62.78281230425145	47.0	91.0	18.181818181818183	3266929.0									
P187cM3-S68-L002_2																							62.207213065067855	48.0	91.0	27.27272727272727	3266929.0									
P187cM3-S68-L002_flagstat																												3138263	1126636							
P187cM3-S68-L002_postfilterflagstat																												1074642	1074642							
P187cM3-S68-L002_rmdup																														0.16106551739947733	0.08413973292045675	0.15184226960478187	0.08009650180940893	27.62511100041563	75.0	80.35848746909419
P212	40.87828285730706	81.15198075304538	61.386749705736506	48.37242525914339	27.790710073076728	8.217907162844433	4	7.1261	100.0	534718.0	534718.0	1.46	108	100	2	5	1																			
P212M2-S271-L001																		74.01907	71.2968	0.962434																
P212M2-S271-L001_1																					98.85978920472692	3590548	85.44730139890802	40.0	86.0	18.181818181818183	1815980.0									
P212M2-S271-L001_2																							84.85640663868402	40.0	91.0	27.27272727272727	1815980.0									
P212M2-S271-L001_flagstat																												1778185	1316196							
P212M2-S271-L001_postfilterflagstat																												1267789	1267789							
P212M2-S271-L001_rmdup																														0.1255174568460517	0.08706844336765597	0.11636979243338731	0.09018450184501844	21.817606334327795	63.0	67.27400292336401
P212M2-S271-L002																		74.039812	71.344907	0.963319																
P212M2-S271-L002_1																					98.88412077522533	3656450	85.53142214693986	40.0	86.0	18.181818181818183	1848856.0									
P212M2-S271-L002_2																							84.69352487802627	40.0	91.0	27.27272727272727	1848856.0									
P212M2-S271-L002_flagstat																												1810973	1340841							
P212M2-S271-L002_postfilterflagstat																												1292037	1292037							
P212M2-S271-L002_rmdup																														0.12682926829268293	0.08835158150851581	0.11706629055007052	0.09065323655754703	21.850096960474946	63.0	67.36003105524466
P212S6aM4-S76-L001																		70.02837	67.432643	0.964016																
P212S6aM4-S76-L001_1																					98.83891258862198	3137580	80.57901665225431	43.0	91.0	18.181818181818183	1587219.0									
P212S6aM4-S76-L001_2																							79.4092501810586	44.0	91.0	27.27272727272727	1587219.0									
P212S6aM4-S76-L001_flagstat																												1468105	1028090							
P212S6aM4-S76-L001_postfilterflagstat																												989982	989982							
P212S6aM4-S76-L001_rmdup																														0.13157894736842105	0.08428351309707242	0.13588213807378546	0.08491585610622202	19.593375722092645	57.0	60.88238736103442
P212S6aM4-S76-L002																		69.936668	67.342719	0.964083																
P212S6aM4-S76-L002_1																					98.87455405970483	3149554	81.01342025495076	43.0	91.0	18.181818181818183	1592702.0									
P212S6aM4-S76-L002_2																							79.71632097612616	44.0	91.0	27.27272727272727	1592702.0									
P212S6aM4-S76-L002_flagstat																												1473506	1030521							
P212S6aM4-S76-L002_postfilterflagstat																												992299	992299							
P212S6aM4-S76-L002_rmdup																														0.13134146341463415	0.08339744576088629	0.13731233980227023	0.08459538014379685	19.593192667179	57.0	60.868319175603816
P212S6aM5-S115-L001																		4.220631	4.032738	0.209184																
P212S6aM5-S115-L001_1																					98.3495865043729	1157374	18.25156822141028	54.0	91.0	18.181818181818183	588398.0									
P212S6aM5-S115-L001_2																							18.330935446280094	57.0	91.0	27.27272727272727	588398.0									
P212S6aM5-S115-L001_flagstat																												258658	10917							
P212S6aM5-S115-L001_postfilterflagstat																												10431	10431							
P212S6aM5-S115-L001_rmdup																														0.12984293193717278	0.09526938239159001	0.1329479768786127	0.09066121336059986	20.26202771027285	57.0	61.655936799904694
P212S6aM5-S115-L002																		4.162213	3.975554	0.207308																
P212S6aM5-S115-L002_1																					98.46908727559077	1190444	18.51981312667847	54.0	91.0	18.181818181818183	604476.0									
P212S6aM5-S115-L002_2																							18.654398371896235	57.0	91.0	27.27272727272727	604476.0									
P212S6aM5-S115-L002_flagstat																												265724	11060							
P212S6aM5-S115-L002_postfilterflagstat																												10564	10564							
P212S6aM5-S115-L002_rmdup																														0.13108038914490527	0.086	0.14084507042253522	0.07655826558265583	20.357745871295915	58.0	61.94991866140011
P212S6bM4-S77-L001																		71.830338	69.309732	0.970283																
P212S6bM4-S77-L001_1																					99.04363939067578	5896674	83.06856052199893	42.0	91.0	18.181818181818183	2976806.0									
P212S6bM4-S77-L001_2																							82.3922576149161	43.0	91.0	27.27272727272727	2976806.0									
P212S6bM4-S77-L001_flagstat																												2797144	2009198							
P212S6bM4-S77-L001_postfilterflagstat																												1938693	1938693							
P212S6bM4-S77-L001_rmdup																														0.1318055867595297	0.08742911153119093	0.13257575757575757	0.0832168483831889	19.460113135731298	56.0	60.39187671681844
P212S6bM4-S77-L002																		71.880596	69.355007	0.970488																
P212S6bM4-S77-L002_1																					99.07013649857188	5925690	83.275786680735	42.0	91.0	18.181818181818183	2990654.0									
P212S6bM4-S77-L002_2																							82.49685827179209	43.0	91.0	27.27272727272727	2990654.0									
P212S6bM4-S77-L002_flagstat																												2811859	2021181							
P212S6bM4-S77-L002_postfilterflagstat																												1950165	1950165							
P212S6bM4-S77-L002_rmdup																														0.13260122516061557	0.08662757707584641	0.13305613305613306	0.08327899394503958	19.477478246452403	56.0	60.39877215736707
P212S6bM5-S116-L001																		15.872506	15.12197	0.398022																
P212S6bM5-S116-L001_1																					98.53089857056197	1013544	21.390427829432298	53.0	91.0	9.090909090909092	514328.0									
P212S6bM5-S116-L001_2																							21.26775248208959	55.0	91.0	27.27272727272727	514328.0									
P212S6bM5-S116-L001_flagstat																												308313	48937							
P212S6bM5-S116-L001_postfilterflagstat																												46623	46623							
P212S6bM5-S116-L001_rmdup																														0.1329605467536502	0.08961064370964586	0.13292000604869197	0.08480364257256688	19.690794476032522	56.0	60.273494316174286
P212S6bM5-S116-L002																		15.884461	15.156178	0.400884																
P212S6bM5-S116-L002_1																					98.58112533266706	1041620	21.754242664122387	53.0	91.0	9.090909090909092	528306.0									
P212S6bM5-S116-L002_2																							21.841707576523163	55.0	91.0	27.27272727272727	528306.0									
P212S6bM5-S116-L002_flagstat																												316498	50274							
P212S6bM5-S116-L002_postfilterflagstat																												47969	47969							
P212S6bM5-S116-L002_rmdup																														0.13090744375660576	0.08701498271225509	0.13377581120943952	0.08435298479792362	19.81747940361457	56.0	60.53763403785919
P212S6cM4-S78-L001																		70.419995	67.518397	0.973681																
P212S6cM4-S78-L001_1																					98.98409753098066	5833802	82.93120133461593	43.0	91.0	18.181818181818183	2946838.0									
P212S6cM4-S78-L001_2																							81.17579955267804	44.0	91.0	27.27272727272727	2946838.0									
P212S6cM4-S78-L001_flagstat																												2722224	1916990							
P212S6cM4-S78-L001_postfilterflagstat																												1838002	1838002							
P212S6cM4-S78-L001_rmdup																														0.13210702341137123	0.08435358867797371	0.139920663541291	0.08690233401314298	19.690637976951464	56.0	60.67145647034091
P212S6cM4-S78-L002																		70.511285	67.635462	0.973826																
P212S6cM4-S78-L002_1																					99.02942505175007	5874782	83.13823767624056	43.0	91.0	18.181818181818183	2966180.0									
P212S6cM4-S78-L002_2																							81.40093866549334	44.0	91.0	27.27272727272727	2966180.0									
P212S6cM4-S78-L002_flagstat																												2741720	1933222							
P212S6cM4-S78-L002_postfilterflagstat																												1854375	1854375							
P212S6cM4-S78-L002_rmdup																														0.13274956217162873	0.08585518941941268	0.138328530259366	0.08517136070580252	19.671356308388642	56.0	60.66833306014793
P212S6cM5-S117-L001																		3.411082	3.245689	0.210058																
P212S6cM5-S117-L001_1																					98.37203064155295	2156370	22.64101205356384	54.0	91.0	9.090909090909092	1096028.0									
P212S6cM5-S117-L001_2																							22.26979229159791	57.0	91.0	27.27272727272727	1096028.0									
P212S6cM5-S117-L001_flagstat																												460118	15695							
P212S6cM5-S117-L001_postfilterflagstat																												14934	14934							
P212S6cM5-S117-L001_rmdup																														0.13886847905951505	0.08830436824800376	0.1285607196401799	0.08084696823869104	20.55859015667789	57.0	61.63283780416704
P212S6cM5-S117-L002																		3.319666	3.167262	0.219207																
P212S6cM5-S117-L002_1																					98.40718383176167	2216734	22.929038164541268	54.0	91.0	9.090909090909092	1126307.0									
P212S6cM5-S117-L002_2																							22.725446222456227	57.0	91.0	27.27272727272727	1126307.0									
P212S6cM5-S117-L002_flagstat																												472427	15683							
P212S6cM5-S117-L002_postfilterflagstat																												14963	14963							
P212S6cM5-S117-L002_rmdup																														0.13360323886639677	0.08932769158439116	0.13002274450341167	0.08279940857565303	20.42712752344496	57.0	61.49664542099882
P212S6dM4-S79-L001																		68.334907	65.668762	0.965604																
P212S6dM4-S79-L001_1																					99.18400626087362	8182014	79.2108950784596	43.0	91.0	18.181818181818183	4124664.0									
P212S6dM4-S79-L001_2																							78.75429089428427	44.0	91.0	27.27272727272727	4124664.0									
P212S6dM4-S79-L001_flagstat																												3766223	2573645							
P212S6dM4-S79-L001_postfilterflagstat																												2473232	2473232							
P212S6dM4-S79-L001_rmdup																														0.12966825586015096	0.08322655048692978	0.13126358901754565	0.07901329735979958	19.202651463089058	56.0	60.17883130426999
P212S6dM4-S79-L002																		68.412709	65.749834	0.96588																
P212S6dM4-S79-L002_1																					99.22326597875073	8225960	79.61310610689874	42.0	91.0	18.181818181818183	4145177.0									
P212S6dM4-S79-L002_2																							79.17238535055866	44.0	91.0	27.27272727272727	4145177.0									
P212S6dM4-S79-L002_flagstat																												3786697	2590582							
P212S6dM4-S79-L002_postfilterflagstat																												2489747	2489747							
P212S6dM4-S79-L002_rmdup																														0.13041529728114729	0.08448264802104048	0.1305645487656819	0.07911270675727658	19.15435520731114	56.0	60.11137707687398
P212S6eM4-S80-L001																		68.94471	65.990145	0.961545																
P212S6eM4-S80-L001_1																					99.36968114109496	7198608	83.32115844330413	45.0	91.0	18.181818181818183	3622135.0									
P212S6eM4-S80-L001_2																							82.59269581926053	45.0	91.0	27.27272727272727	3622135.0									
P212S6eM4-S80-L001_flagstat																												3271784	2255722							
P212S6eM4-S80-L001_postfilterflagstat																												2159055	2159055							
P212S6eM4-S80-L001_rmdup																														0.13298229311857931	0.08530183727034121	0.13052415210688592	0.07867224255096707	18.635007456612506	55.0	59.40463413170043
P212S6eM4-S80-L002																		68.992802	66.04871	0.962413																
P212S6eM4-S80-L002_1																					99.39736022588275	7373656	83.73032317070967	45.0	91.0	18.181818181818183	3709181.0									
P212S6eM4-S80-L002_2																							82.9245911892584	45.0	91.0	27.27272727272727	3709181.0									
P212S6eM4-S80-L002_flagstat																												3353631	2313764							
P212S6eM4-S80-L002_postfilterflagstat																												2215030	2215030							
P212S6eM4-S80-L002_rmdup																														0.13355249640435587	0.08530217987207936	0.13104797199917645	0.0806430617026816	18.64348004289858	55.0	59.406101094272195
P212aM3-S500-L001																		69.096384	66.893091	0.897207																
P212aM3-S500-L001_1																					98.00715213787423	2460546	70.21942629953811	40.0	91.0	18.181818181818183	1255289.0									
P212aM3-S500-L001_2																							70.01618619680805	40.0	91.0	18.181818181818183	1255289.0									
P212aM3-S500-L001_flagstat																												1203199	831367							
P212aM3-S500-L001_postfilterflagstat																												804857	804857							
P212aM3-S500-L001_rmdup																														0.12899106002554278	0.08789853796019025	0.11711827956989247	0.08765315739868049	22.94577128412918	65.0	69.61819342713044
P212aM3-S500-L002																		69.048429	66.881718	0.897026																
P212aM3-S500-L002_1																					98.01179130945091	2458418	70.6830030023626	40.0	91.0	18.181818181818183	1254144.0									
P212aM3-S500-L002_2																							70.18089770587257	40.0	91.0	18.181818181818183	1254144.0									
P212aM3-S500-L002_flagstat																												1202191	830094							
P212aM3-S500-L002_postfilterflagstat																												804046	804046							
P212aM3-S500-L002_rmdup																														0.12793245093564581	0.0851326341764343	0.1166365280289331	0.08750645327826535	22.984588048275064	65.0	69.63214156734693
P212aM3-S74-L001																		31.92848	30.779055	0.282158																
P212aM3-S74-L001_1																					98.932384341637	1668	16.251482799525505	49.0	91.0	18.181818181818183	843.0									
P212aM3-S74-L001_2																							13.641755634638201	49.0	91.0	36.36363636363637	843.0									
P212aM3-S74-L001_flagstat																												783	250							
P212aM3-S74-L001_postfilterflagstat																												241	241							
P212aM3-S74-L001_rmdup																														0.05454545454545454	0.09523809523809523	0.09259259259259259	0.05	23.342128325109535	68.0	71.81720430107531
P212aM3-S74-L002																		36.438679	35.141509	0.261745																
P212aM3-S74-L002_1																					99.34210526315789	1812	16.00877192982456	48.0	91.0	36.36363636363637	912.0									
P212aM3-S74-L002_2																							14.473684210526315	49.0	91.0	45.45454545454545	912.0									
P212aM3-S74-L002_flagstat																												848	309							
P212aM3-S74-L002_postfilterflagstat																												298	298							
P212aM3-S74-L002_rmdup																														0.09433962264150944	0.03333333333333333	0.12857142857142856	0.038461538461538464	27.186208578357387	72.0	76.60230547550432
P212bM3-S501-L001																		62.888672	60.518044	0.887424																
P212bM3-S501-L001_1																					98.28141605068888	2491428	66.77867379145607	43.0	91.0	18.181818181818183	1267497.0									
P212bM3-S501-L001_2																							66.7780342056189	43.0	91.0	27.27272727272727	1267497.0									
P212bM3-S501-L001_flagstat																												1219086	766667							
P212bM3-S501-L001_postfilterflagstat																												737767	737767							
P212bM3-S501-L001_rmdup																														0.12704269899841855	0.08533973095707309	0.11633203981778302	0.08755644756648269	23.048132919801613	66.0	70.63574505873024
P212bM3-S501-L002																		62.979311	60.599335	0.886849																
P212bM3-S501-L002_1																					98.27523782871906	2486336	67.13950455745609	43.0	91.0	18.181818181818183	1264986.0									
P212bM3-S501-L002_2																							66.75193992498875	43.0	91.0	27.27272727272727	1264986.0									
P212bM3-S501-L002_flagstat																												1216147	765921							
P212bM3-S501-L002_postfilterflagstat																												736977	736977							
P212bM3-S501-L002_rmdup																														0.12628106443809106	0.08504247833176007	0.11617997242762251	0.08707607699358387	23.01895198803673	66.0	70.51556224899375
P212bM3-S75-L001																		23.557692	22.836538	0.147368																
P212bM3-S75-L001_1																					98.95615866388309	948	11.48225469728601	51.0	91.0	18.181818181818183	479.0									
P212bM3-S75-L001_2																							12.317327766179545	51.0	91.0	45.45454545454545	479.0									
P212bM3-S75-L001_flagstat																												416	98							
P212bM3-S75-L001_postfilterflagstat																												95	95							
P212bM3-S75-L001_rmdup																														0.19047619047619047	0.06666666666666667	0.2	0.07692307692307693	23.661239721521376	69.5	74.75714285714285
P212bM3-S75-L002																		22.556391	21.553885	0.162791																
P212bM3-S75-L002_1																					99.11894273127753	900	12.334801762114537	51.0	91.0	27.27272727272727	454.0									
P212bM3-S75-L002_2																							12.555066079295159	51.0	91.0	36.36363636363637	454.0									
P212bM3-S75-L002_flagstat																												399	90							
P212bM3-S75-L002_postfilterflagstat																												86	86							
P212bM3-S75-L002_rmdup																														0.21739130434782608	0.0	0.1875	0.13333333333333333	21.740685771676386	66.0	72.18110236220473
P212cM3-S502-L001																		52.217585	50.522277	0.937579																
P212cM3-S502-L001_1																					96.99278430481772	3108578	72.78198778576063	42.0	91.0	18.181818181818183	1602479.0									
P212cM3-S502-L001_2																							72.42544666137886	42.0	91.0	27.27272727272727	1602479.0									
P212cM3-S502-L001_flagstat																												1516244	791746							
P212cM3-S502-L001_postfilterflagstat																												766041	766041							
P212cM3-S502-L001_rmdup																														0.12549630206305956	0.09271010679461383	0.1175304654235795	0.08953026063908114	22.69261262065351	63.0	68.16038343972275
P212cM3-S502-L002																		52.371867	50.711348	0.937208																
P212cM3-S502-L002_1																					97.02334511706508	3086528	73.43471182526088	42.0	91.0	18.181818181818183	1590611.0									
P212cM3-S502-L002_2																							72.7827853522342	42.0	91.0	27.27272727272727	1590611.0									
P212cM3-S502-L002_flagstat																												1505312	788360							
P212cM3-S502-L002_postfilterflagstat																												763364	763364							
P212cM3-S502-L002_rmdup																														0.12999690114657578	0.0912296841459675	0.11760782570031125	0.09026652922986306	22.685337281656423	63.0	68.17551392951181
P246	42.625287356321856	11.227210754774212	0.40707226200372476	0.08037508372404555	0.010580027764808674	0.0012422733187642278	0	0.138	100.0	8281.0	8281.0	1.13	6	6	0	0	0																			
P246M2-S273-L001																		5.973282	5.446589	0.937535																
P246M2-S273-L001_1																					94.20208354836758	1588038	68.61032234088054	52.0	86.0	27.27272727272727	842889.0									
P246M2-S273-L001_2																							67.80454663623708	52.0	91.0	27.27272727272727	842889.0									
P246M2-S273-L001_flagstat																												764203	45648							
P246M2-S273-L001_postfilterflagstat																												41623	41623							
P246M2-S273-L001_rmdup																														0.1109350237717908	0.05353728489483748	0.1283987915407855	0.05811965811965812	31.98060794167459	87.0	91.50768156424563
P246M2-S273-L002																		5.975214	5.463841	0.937399																
P246M2-S273-L002_1																					94.23697485736137	1596838	68.75465803928985	52.0	86.0	27.27272727272727	847246.0									
P246M2-S273-L002_2																							67.9925991528691	52.0	91.0	27.27272727272727	847246.0									
P246M2-S273-L002_flagstat																												768324	45909							
P246M2-S273-L002_postfilterflagstat																												41980	41980							
P246M2-S273-L002_rmdup																														0.10229007633587786	0.05204460966542751	0.12071535022354694	0.05912162162162162	31.856338484629383	88.0	91.67519889311599
P246S6aM4-S84-L001																		2.099074	1.783928	0.95224																
P246S6aM4-S84-L001_1																					97.47571280219795	4980504	64.65118538054813	54.0	91.0	27.27272727272727	2554741.0									
P246S6aM4-S84-L001_2																							63.599471898873155	55.0	91.0	36.36363636363637	2554741.0									
P246S6aM4-S84-L001_flagstat																												2248801	47204							
P246S6aM4-S84-L001_postfilterflagstat																												40117	40117							
P246S6aM4-S84-L001_rmdup																														0.10669456066945607	0.0525	0.10920770877944326	0.0737913486005089	32.2385357307558	73.0	80.5859375
P246S6aM4-S84-L002																		2.09386	1.781515	0.953333																
P246S6aM4-S84-L002_1																					97.47158824520427	5010334	65.19528568694862	54.0	91.0	27.27272727272727	2570151.0									
P246S6aM4-S84-L002_2																							63.96641776888284	55.0	91.0	36.36363636363637	2570151.0									
P246S6aM4-S84-L002_flagstat																												2261278	47348							
P246S6aM4-S84-L002_postfilterflagstat																												40285	40285							
P246S6aM4-S84-L002_rmdup																														0.10991379310344827	0.04785894206549118	0.10964912280701754	0.07105263157894737	32.32992945226663	73.0	80.91588785046693
P246S6aM5-S121-L001																		0.18039	0.058543	0.11747																
P246S6aM5-S121-L001_1																					98.67190142608894	1528558	7.442633871586395	56.0	91.0	9.090909090909092	774566.0									
P246S6aM5-S121-L001_2																							7.242785543850047	57.0	91.0	27.27272727272727	774566.0									
P246S6aM5-S121-L001_flagstat																												567104	1023							
P246S6aM5-S121-L001_postfilterflagstat																												332	332							
P246S6aM5-S121-L001_rmdup																														0.1016949152542373	0.06779661016949153	0.0547945205479452	0.06349206349206349	27.36356616794028	69.0	74.17620137299775
P246S6aM5-S121-L002																		0.172831	0.058752	0.093294																
P246S6aM5-S121-L002_1																					98.7032317719492	1575576	7.571161812475211	56.0	91.0	9.090909090909092	798138.0									
P246S6aM5-S121-L002_2																							7.440879612339273	57.0	91.0	27.27272727272727	798138.0									
P246S6aM5-S121-L002_flagstat																												583808	1009							
P246S6aM5-S121-L002_postfilterflagstat																												343	343							
P246S6aM5-S121-L002_rmdup																														0.013513513513513514	0.013513513513513514	0.08571428571428572	0.057971014492753624	31.2132088433744	70.0	76.77006507592195
P246S6bM4-S85-L001																		2.364401	2.032491	0.963178																
P246S6bM4-S85-L001_1																					97.87348243039766	4383628	69.73678403094183	54.0	91.0	27.27272727272727	2239436.0									
P246S6bM4-S85-L001_2																							68.85214659107046	55.0	91.0	18.181818181818183	2239436.0									
P246S6bM4-S85-L001_flagstat																												1981559	46852							
P246S6bM4-S85-L001_postfilterflagstat																												40275	40275							
P246S6bM4-S85-L001_rmdup																														0.06282722513089005	0.05333333333333334	0.07756232686980609	0.05448717948717949	30.771105919340005	71.0	78.5101567034246
P246S6bM4-S85-L002																		2.374547	2.032621	0.963086																
P246S6bM4-S85-L002_1																					97.91336974662283	4396606	70.0986941889542	54.0	91.0	27.27272727272727	2245151.0									
P246S6bM4-S85-L002_2																							69.00754857819388	55.0	91.0	18.181818181818183	2245151.0									
P246S6bM4-S85-L002_flagstat																												1985810	47154							
P246S6bM4-S85-L002_postfilterflagstat																												40364	40364							
P246S6bM4-S85-L002_rmdup																														0.06036745406824147	0.06354515050167224	0.07988980716253444	0.04487179487179487	30.811130735567602	71.0	78.48843930635829
P246S6bM5-S122-L001																		0.191122	0.060444	0.11336																
P246S6bM5-S122-L001_1																					98.80653079245164	1127922	8.468440598075361	56.0	91.0	9.090909090909092	570773.0									
P246S6bM5-S122-L001_2																							8.288854105389873	57.0	91.0	9.090909090909092	570773.0									
P246S6bM5-S122-L001_flagstat																												408640	781							
P246S6bM5-S122-L001_postfilterflagstat																												247	247							
P246S6bM5-S122-L001_rmdup																														0.0967741935483871	0.023255813953488372	0.08955223880597014	0.0	28.410662431638514	70.0	75.62318840579714
P246S6bM5-S122-L002																		0.188186	0.064801	0.121771																
P246S6bM5-S122-L002_1																					98.86212668607862	1156416	8.659023827013286	56.0	91.0	9.090909090909092	584863.0									
P246S6bM5-S122-L002_2																							8.601359994065263	57.0	91.0	9.090909090909092	584863.0									
P246S6bM5-S122-L002_flagstat																												418204	787							
P246S6bM5-S122-L002_postfilterflagstat																												271	271							
P246S6bM5-S122-L002_rmdup																														0.11538461538461539	0.06382978723404255	0.08955223880597014	0.10344827586206896	26.575988223627068	68.5	74.14973262032082
P246S6cM4-S86-L001																		0.308162	0.166816	0.678743																
P246S6cM4-S86-L001_1																					99.09555641079898	4186706	23.68256558449798	58.0	91.0	9.090909090909092	2112459.0									
P246S6cM4-S86-L001_2																							23.41659104918908	59.0	91.0	18.181818181818183	2112459.0									
P246S6cM4-S86-L001_flagstat																												1621549	4997							
P246S6cM4-S86-L001_postfilterflagstat																												2705	2705							
P246S6cM4-S86-L001_rmdup																														0.08571428571428572	0.0847457627118644	0.12217194570135746	0.0718232044198895	29.548347589683072	72.0	78.612244897959
P246S6cM4-S86-L002																		0.311563	0.175044	0.688244																
P246S6cM4-S86-L002_1																					99.11959990706887	4215172	24.168867373087267	58.0	91.0	9.090909090909092	2126306.0									
P246S6cM4-S86-L002_2																							23.855148783565568	59.0	91.0	18.181818181818183	2126306.0									
P246S6cM4-S86-L002_flagstat																												1632735	5087							
P246S6cM4-S86-L002_postfilterflagstat																												2858	2858							
P246S6cM4-S86-L002_rmdup																														0.09954751131221719	0.08522727272727272	0.11659192825112108	0.07692307692307693	29.518671092865198	72.0	78.09636363636344
P246S6cM5-S123-L001																		0.10552	0.032287	0.081818																
P246S6cM5-S123-L001_1																					98.9713271492421	2025276	7.189074791282408	55.0	91.0	9.090909090909092	1023163.0									
P246S6cM5-S123-L001_2																							7.065858386947809	57.0	91.0	27.27272727272727	1023163.0									
P246S6cM5-S123-L001_flagstat																												681388	719							
P246S6cM5-S123-L001_postfilterflagstat																												220	220							
P246S6cM5-S123-L001_rmdup																														0.125	0.1	0.12962962962962962	0.11363636363636363	26.106492591294614	66.0	71.30188679245278
P246S6cM5-S123-L002																		0.106093	0.034173	0.09205																
P246S6cM5-S123-L002_1																					99.01778878845084	2082354	7.413322044042943	55.0	91.0	9.090909090909092	1051505.0									
P246S6cM5-S123-L002_2																							7.308187991698716	57.0	91.0	27.27272727272727	1051505.0									
P246S6cM5-S123-L002_flagstat																												699386	742							
P246S6cM5-S123-L002_postfilterflagstat																												239	239							
P246S6cM5-S123-L002_rmdup																														0.041666666666666664	0.0625	0.125	0.09090909090909091	26.482002588017952	68.0	72.63478260869569
P384	40.50726817042607	46.94010482716355	15.674880508835152	6.090141422465064	0.8153039791049628	0.11905119304823851	0	1.1945	100.0	95041.0	95041.0	1.09	41	39	0	1	1																			
P384M2-S279-L001																		35.212837	33.743523	0.923529																
P384M2-S279-L001_1																					97.47054995943753	922742	61.08005663348518	49.0	86.0	18.181818181818183	473344.0									
P384M2-S279-L001_2																							60.45674917256499	48.0	91.0	18.181818181818183	473344.0									
P384M2-S279-L001_flagstat																												447760	157669							
P384M2-S279-L001_postfilterflagstat																												151090	151090							
P384M2-S279-L001_rmdup																														0.15064935064935064	0.06728538283062645	0.146448087431694	0.0708315002199736	18.368252511776166	61.0	63.92425914919083
P384M2-S279-L002																		35.129265	33.670471	0.922926																
P384M2-S279-L002_1																					97.51233465636452	921788	61.14771571631802	48.0	86.0	18.181818181818183	472652.0									
P384M2-S279-L002_2																							60.46256588551746	48.0	91.0	18.181818181818183	472652.0									
P384M2-S279-L002_flagstat																												447493	157201							
P384M2-S279-L002_postfilterflagstat																												150673	150673							
P384M2-S279-L002_rmdup																														0.14674512688488414	0.0700228832951945	0.1491672700941347	0.07572479446127217	18.42943709751118	61.0	63.92811285690309
P384S6aM4-S98-L001																		27.464056	26.321453	0.952132																
P384S6aM4-S98-L001_1																					98.29393778792449	2411052	61.255192229087505	49.0	91.0	18.181818181818183	1226450.0									
P384S6aM4-S98-L001_2																							60.61243823664705	52.0	91.0	18.181818181818183	1226450.0									
P384S6aM4-S98-L001_flagstat																												1077015	295792							
P384S6aM4-S98-L001_postfilterflagstat																												283486	283486							
P384S6aM4-S98-L001_rmdup																														0.14580686149936467	0.06766008860249698	0.1448808757244044	0.06134723336006415	18.398342125092576	56.0	59.411815812336116
P384S6aM4-S98-L002																		27.524902	26.382965	0.952508																
P384S6aM4-S98-L002_1																					98.31048278415162	2421922	61.64620430355433	49.0	91.0	18.181818181818183	1231772.0									
P384S6aM4-S98-L002_2																							60.8067014540089	52.0	91.0	18.181818181818183	1231772.0									
P384S6aM4-S98-L002_flagstat																												1082547	297970							
P384S6aM4-S98-L002_postfilterflagstat																												285608	285608							
P384S6aM4-S98-L002_rmdup																														0.14682413022661986	0.07105580088317945	0.1440434366017247	0.0636867088607595	18.482852159825484	56.0	59.511045122040116
P384S6aM5-S133-L001																		0.348952	0.305333	0.122087																
P384S6aM5-S133-L001_1																					99.03635671894442	2155352	11.823052087548305	52.0	91.0	9.090909090909092	1088162.0									
P384S6aM5-S133-L001_2																							11.658357655477374	57.0	91.0	18.181818181818183	1088162.0									
P384S6aM5-S133-L001_flagstat																												646508	2256							
P384S6aM5-S133-L001_postfilterflagstat																												1974	1974							
P384S6aM5-S133-L001_rmdup																														0.1306532663316583	0.053156146179401995	0.13970588235294118	0.05846153846153846	17.524378867529926	55.0	58.40658174097682
P384S6aM5-S133-L002																		0.346166	0.299799	0.116373																
P384S6aM5-S133-L002_1																					99.08247508595916	2211396	11.753805729666837	52.0	91.0	9.090909090909092	1115937.0									
P384S6aM5-S133-L002_2																							11.72807808340022	57.0	91.0	18.181818181818183	1115937.0									
P384S6aM5-S133-L002_flagstat																												662111	2292							
P384S6aM5-S133-L002_postfilterflagstat																												1985	1985							
P384S6aM5-S133-L002_rmdup																														0.15526315789473685	0.057926829268292686	0.1278538812785388	0.05362776025236593	16.996577706590607	55.0	58.52338413032045
P384S6bM4-S99-L001																		28.979554	27.599621	0.981803																
P384S6bM4-S99-L001_1																					98.52721444737479	5647174	78.74918217992652	51.0	91.0	18.181818181818183	2865794.0									
P384S6bM4-S99-L001_2																							77.93925179125664	51.0	91.0	27.27272727272727	2865794.0									
P384S6bM4-S99-L001_flagstat																												2489324	721395							
P384S6bM4-S99-L001_postfilterflagstat																												687044	687044							
P384S6bM4-S99-L001_rmdup																														0.14637579169598874	0.06923751095530237	0.13047980669658268	0.06542056074766354	17.55712532049934	55.0	58.30485696322082
P384S6bM4-S99-L002																		29.114811	27.743025	0.982241																
P384S6bM4-S99-L002_1																					98.52618159755124	5781004	79.1945934499027	51.0	91.0	18.181818181818183	2933740.0									
P384S6bM4-S99-L002_2																							78.29794796977986	51.0	91.0	27.27272727272727	2933740.0									
P384S6bM4-S99-L002_flagstat																												2550688	742628							
P384S6bM4-S99-L002_postfilterflagstat																												707638	707638							
P384S6bM4-S99-L002_rmdup																														0.14712078651685392	0.07236842105263158	0.1323024054982818	0.06517857142857143	17.685403955148452	55.0	58.44065676309685
P384S6bM5-S134-L001																		0.680726	0.592006	0.331032																
P384S6bM5-S134-L001_1																					98.99248262079905	4073802	26.14585234160873	55.0	91.0	9.090909090909092	2057632.0									
P384S6bM5-S134-L001_2																							25.798449557424362	56.0	91.0	18.181818181818183	2057632.0									
P384S6bM5-S134-L001_flagstat																												1419073	9660							
P384S6bM5-S134-L001_postfilterflagstat																												8401	8401							
P384S6bM5-S134-L001_rmdup																														0.13328255902513328	0.07020872865275142	0.14454277286135694	0.06461232604373758	17.00446690129992	54.0	57.36578221915874
P384S6bM5-S134-L002																		0.691305	0.594146	0.336417																
P384S6bM5-S134-L002_1																					99.03227454143047	4226644	26.80815886014115	55.0	91.0	9.090909090909092	2133973.0									
P384S6bM5-S134-L002_2																							26.63711818227489	56.0	91.0	18.181818181818183	2133973.0									
P384S6bM5-S134-L002_flagstat																												1473880	10189							
P384S6bM5-S134-L002_postfilterflagstat																												8757	8757							
P384S6bM5-S134-L002_rmdup																														0.1330827067669173	0.07326355851569934	0.12741589119541877	0.06692913385826772	16.777176178702383	54.0	57.221091273151856
P384S6cM4-S100-L001																		28.440832	27.224017	0.973242																
P384S6cM4-S100-L001_1																					98.86035042759902	4826736	68.00595185661409	51.0	91.0	18.181818181818183	2441189.0									
P384S6cM4-S100-L001_2																							67.11495713811493	51.0	91.0	18.181818181818183	2441189.0									
P384S6cM4-S100-L001_flagstat																												2127603	605108							
P384S6cM4-S100-L001_postfilterflagstat																												579219	579219							
P384S6cM4-S100-L001_rmdup																														0.14124293785310735	0.06364922206506365	0.13676148796498905	0.06542056074766354	17.454392027488208	55.0	58.22629036358849
P384S6cM4-S100-L002																		28.45565	27.227444	0.973386																
P384S6cM4-S100-L002_1																					98.88961495047313	4851748	68.1968975540266	51.0	91.0	18.181818181818183	2453113.0									
P384S6cM4-S100-L002_2																							67.32795290609292	51.0	91.0	18.181818181818183	2453113.0									
P384S6cM4-S100-L002_flagstat																												2138078	608404							
P384S6cM4-S100-L002_postfilterflagstat																												582144	582144							
P384S6cM4-S100-L002_rmdup																														0.1430598921373829	0.06376195536663125	0.13516453630677183	0.0645272601794341	17.583312828905044	55.0	58.26862919633649
P384S6cM5-S135-L001																		0.783089	0.692169	0.175706																
P384S6cM5-S135-L001_1																					98.77544320420223	1444176	12.46104293395831	55.0	91.0	9.090909090909092	731040.0									
P384S6cM5-S135-L001_2																							12.193288949059422	55.0	91.0	9.090909090909092	731040.0									
P384S6cM5-S135-L001_flagstat																												511436	4005							
P384S6cM5-S135-L001_postfilterflagstat																												3540	3540							
P384S6cM5-S135-L001_rmdup																														0.14759036144578314	0.07871198568872988	0.1262848751835536	0.06630824372759857	17.007942942220254	54.0	57.66926322622494
P384S6cM5-S135-L002																		0.741281	0.652548	0.159907																
P384S6cM5-S135-L002_1																					98.8613909602394	1481954	12.649070168696412	55.0	91.0	9.090909090909092	749511.0									
P384S6cM5-S135-L002_2																							12.533735925896892	55.0	91.0	9.090909090909092	749511.0									
P384S6cM5-S135-L002_flagstat																												525172	3893							
P384S6cM5-S135-L002_postfilterflagstat																												3427	3427							
P384S6cM5-S135-L002_rmdup																														0.13076923076923078	0.06037735849056604	0.1378299120234604	0.06972789115646258	16.871821175738987	54.0	57.712500000000276
P384aM3-S506-L001																		29.391744	28.293989	0.949726																
P384aM3-S506-L001_1																					96.136374550674	2162034	53.607178032138286	49.0	91.0	18.181818181818183	1124462.0									
P384aM3-S506-L001_2																							53.42220838205177	49.0	91.0	18.181818181818183	1124462.0									
P384aM3-S506-L001_flagstat																												1035386	304318							
P384aM3-S506-L001_postfilterflagstat																												292952	292952							
P384aM3-S506-L001_rmdup																														0.15036075036075036	0.06285714285714286	0.15220566754309087	0.06761061946902655	18.97717071841433	61.0	64.74320261874554
P384aM3-S506-L002																		29.413486	28.306383	0.949473																
P384aM3-S506-L002_1																					96.09666869709696	2155012	54.15261297640506	49.0	91.0	18.181818181818183	1121273.0									
P384aM3-S506-L002_2																							53.66393044474847	49.0	91.0	18.181818181818183	1121273.0									
P384aM3-S506-L002_flagstat																												1031792	303486							
P384aM3-S506-L002_postfilterflagstat																												292063	292063							
P384aM3-S506-L002_rmdup																														0.15304649148137453	0.06294452347083926	0.1565217391304348	0.06871035940803383	19.115783988838523	61.0	64.77483002266165
P384bM3-S507-L001																		32.973972	31.791815	0.946668																
P384bM3-S507-L001_1																					96.9307743423367	1735846	59.85554944096236	48.0	91.0	18.181818181818183	895405.0									
P384bM3-S507-L001_2																							59.466059612485594	48.0	91.0	18.181818181818183	895405.0									
P384bM3-S507-L001_flagstat																												840751	277229							
P384bM3-S507-L001_postfilterflagstat																												267290	267290							
P384bM3-S507-L001_rmdup																														0.16258688425506196	0.06321401370906321	0.14600059470710675	0.07568555758683729	18.648170120242295	61.0	64.12315338947776
P384bM3-S507-L002																		32.942624	31.748743	0.946746																
P384bM3-S507-L002_1																					96.94624943318762	1736032	60.31628407592003	48.0	91.0	18.181818181818183	895358.0									
P384bM3-S507-L002_2																							59.59570266393856	48.0	91.0	18.181818181818183	895358.0									
P384bM3-S507-L002_flagstat																												841290	277143							
P384bM3-S507-L002_postfilterflagstat																												267099	267099							
P384bM3-S507-L002_rmdup																														0.16306662610282932	0.06760349411317888	0.14817036592681462	0.07485465116279069	18.675774135191983	61.0	64.132521787247
P384cM3-S508-L001																		35.298506	34.224769	0.941161																
P384cM3-S508-L001_1																					96.57843942049564	1305924	61.49242575723148	47.0	91.0	18.181818181818183	676095.0									
P384cM3-S508-L001_2																							61.52277271080686	48.0	91.0	18.181818181818183	676095.0									
P384cM3-S508-L001_flagstat																												632650	223316							
P384cM3-S508-L001_postfilterflagstat																												216523	216523							
P384cM3-S508-L001_rmdup																														0.1571330117160579	0.07686017988552739	0.14963880288957687	0.06825657894736842	18.76966341500993	62.0	64.82706535141706
P384cM3-S508-L002																		35.263394	34.161037	0.94091																
P384cM3-S508-L002_1																					96.57323317982453	1303926	61.8967765641958	48.0	91.0	18.181818181818183	675097.0									
P384cM3-S508-L002_2																							61.52163801875902	48.0	91.0	18.181818181818183	675097.0									
P384cM3-S508-L002_flagstat																												631828	222804							
P384cM3-S508-L002_postfilterflagstat																												215839	215839							
P384cM3-S508-L002_rmdup																														0.1564093845630738	0.0753646677471637	0.1456445993031359	0.06947282386595832	18.695304002845013	62.0	64.87966741088468
P387	42.32307233407904	79.58947007725905	58.954130092932395	45.85909928973023	26.43944797514625	8.327165101229747	4	6.8724	100.0	454502.0	454502.0	1.11	101	95	2	3	1																			
P387M2-S280-L001																		38.86031	37.464005	0.911822																
P387M2-S280-L001_1																					97.14115537272089	4511142	75.61610141290545	44.0	86.0	18.181818181818183	2321952.0									
P387M2-S280-L001_2																							74.99229627695698	45.0	91.0	27.27272727272727	2321952.0									
P387M2-S280-L001_flagstat																												2192000	851818							
P387M2-S280-L001_postfilterflagstat																												821211	821211							
P387M2-S280-L001_rmdup																														0.12981048715265667	0.06718243734708722	0.1400540477029726	0.07230189676822417	29.150530224390934	72.0	78.81797542551503
P387M2-S280-L002																		38.948957	37.580881	0.913063																
P387M2-S280-L002_1																					97.15991917549826	4570902	75.52889365428666	44.0	86.0	18.181818181818183	2352257.0									
P387M2-S280-L002_2																							74.9508487173623	45.0	91.0	27.27272727272727	2352257.0									
P387M2-S280-L002_flagstat																												2222098	865484							
P387M2-S280-L002_postfilterflagstat																												835084	835084							
P387M2-S280-L002_rmdup																														0.13209398995439062	0.06596375617792422	0.13972313467855466	0.07205182443151771	29.131055063378426	72.0	78.7870965085742
P387S6aM4-S101-L001																		22.46586	21.422775	0.921987																
P387S6aM4-S101-L001_1																					98.75400321158855	5474600	65.335512836573	49.0	91.0	27.27272727272727	2771837.0									
P387S6aM4-S101-L001_2																							64.90202881059899	49.0	91.0	36.36363636363637	2771837.0									
P387S6aM4-S101-L001_flagstat																												2481966	557595							
P387S6aM4-S101-L001_postfilterflagstat																												531706	531706							
P387S6aM4-S101-L001_rmdup																														0.1414614288622023	0.07856787667826952	0.13891695291978176	0.07487154391974553	20.00328616886975	57.0	61.352910179637696
P387S6aM4-S101-L002																		22.524961	21.474686	0.922384																
P387S6aM4-S101-L002_1																					98.783703907425	5488308	65.75476062839844	49.0	91.0	27.27272727272727	2777942.0									
P387S6aM4-S101-L002_2																							65.08862493328964	49.0	91.0	36.36363636363637	2777942.0									
P387S6aM4-S101-L002_flagstat																												2487920	560403							
P387S6aM4-S101-L002_postfilterflagstat																												534273	534273							
P387S6aM4-S101-L002_rmdup																														0.14271172638436483	0.0758774097874444	0.13753291472554183	0.0761569294303413	19.991283930382078	57.0	61.33885960709475
P387S6aM5-S136-L001																		2.049733	1.852499	0.073675																
P387S6aM5-S136-L001_1																					98.80994087725445	727670	5.604564067533033	57.0	91.0	9.090909090909092	368217.0									
P387S6aM5-S136-L001_2																							5.5351351490482585	57.0	91.0	18.181818181818183	368217.0									
P387S6aM5-S136-L001_flagstat																												240324	4926							
P387S6aM5-S136-L001_postfilterflagstat																												4452	4452							
P387S6aM5-S136-L001_rmdup																														0.16012396694214875	0.06296296296296296	0.14871794871794872	0.0731981981981982	19.805536949501587	56.0	60.39023826046771
P387S6aM5-S136-L002																		2.08675	1.879607	0.074614																
P387S6aM5-S136-L002_1																					98.90022200978107	751074	5.699311992280329	57.0	91.0	9.090909090909092	379713.0									
P387S6aM5-S136-L002_2																							5.668455601084787	57.0	91.0	18.181818181818183	379713.0									
P387S6aM5-S136-L002_flagstat																												248137	5178							
P387S6aM5-S136-L002_postfilterflagstat																												4664	4664							
P387S6aM5-S136-L002_rmdup																														0.15204678362573099	0.07542579075425791	0.1320574162679426	0.07888631090487239	19.598831738197372	55.0	59.85632056674809
P387S6bM4-S102-L001																		24.298452	23.302594	0.910668																
P387S6bM4-S102-L001_1																					98.69367755684242	4512648	65.57684574607657	48.0	91.0	27.27272727272727	2286189.0									
P387S6bM4-S102-L001_2																							65.01198555735792	49.0	91.0	27.27272727272727	2286189.0									
P387S6bM4-S102-L001_flagstat																												2044266	496725							
P387S6bM4-S102-L001_postfilterflagstat																												476367	476367							
P387S6bM4-S102-L001_rmdup																														0.14566462571597866	0.07735687139879857	0.13979129749950778	0.06966319360310153	19.850915187483345	57.0	61.054310264319724
P387S6bM4-S102-L002																		24.33265	23.332812	0.911058																
P387S6bM4-S102-L002_1																					98.71408112313077	4532690	65.9370736729906	48.0	91.0	27.27272727272727	2295868.0									
P387S6bM4-S102-L002_2																							65.27542806635576	49.0	91.0	27.27272727272727	2295868.0									
P387S6bM4-S102-L002_flagstat																												2053233	499606							
P387S6bM4-S102-L002_postfilterflagstat																												479077	479077							
P387S6bM4-S102-L002_rmdup																														0.1416287803913817	0.07679118187385181	0.14190448171030695	0.0739214735821619	19.957999508690648	56.0	61.030524916639166
P387S6bM5-S137-L001																		1.513043	1.370575	0.113048																
P387S6bM5-S137-L001_1																					98.8980398409049	1885772	7.442755711464429	55.0	91.0	9.090909090909092	953392.0									
P387S6bM5-S137-L001_2																							7.361951573343731	58.0	91.0	18.181818181818183	953392.0									
P387S6bM5-S137-L001_flagstat																												569250	8613							
P387S6bM5-S137-L001_postfilterflagstat																												7802	7802							
P387S6bM5-S137-L001_rmdup																														0.13801035077630822	0.0765661252900232	0.1264236902050114	0.08041237113402062	19.55192113397078	55.0	59.36963835155567
P387S6bM5-S137-L002																		1.500321	1.368492	0.107187																
P387S6bM5-S137-L002_1																					98.95916863913465	1942424	7.6474965083111215	55.0	91.0	9.090909090909092	981427.0									
P387S6bM5-S137-L002_2																							7.586118661455487	58.0	91.0	18.181818181818183	981427.0									
P387S6bM5-S137-L002_flagstat																												585608	8786							
P387S6bM5-S137-L002_postfilterflagstat																												8014	8014							
P387S6bM5-S137-L002_rmdup																														0.1351190476190476	0.07850330154071901	0.1372093023255814	0.07267833109017496	19.120594377361712	55.0	58.965535956581014
P387S6cM4-S103-L001																		27.845246	26.506026	0.911937																
P387S6cM4-S103-L001_1																					98.72405255058693	3472042	73.5499237051747	48.0	91.0	18.181818181818183	1758458.0									
P387S6cM4-S103-L001_2																							72.71830452094426	47.0	91.0	36.36363636363637	1758458.0									
P387S6cM4-S103-L001_flagstat																												1613999	449422							
P387S6cM4-S103-L001_postfilterflagstat																												427807	427807							
P387S6cM4-S103-L001_rmdup																														0.14625270101216878	0.08284023668639054	0.14173932483791638	0.07033981261362048	20.01089011278666	57.0	61.39444488365176
P387S6cM4-S103-L002																		27.951585	26.635678	0.912933																
P387S6cM4-S103-L002_1																					98.7362343753976	3492192	73.77362941761594	48.0	91.0	18.181818181818183	1768445.0									
P387S6cM4-S103-L002_2																							72.78498288527703	47.0	91.0	36.36363636363637	1768445.0									
P387S6cM4-S103-L002_flagstat																												1624051	453948							
P387S6cM4-S103-L002_postfilterflagstat																												432577	432577							
P387S6cM4-S103-L002_rmdup																														0.14584517449130385	0.08354114713216958	0.14450226995903	0.07174700473669546	20.004932380963766	57.0	61.4083456347498
P387S6cM5-S138-L001																		2.966956	2.67461	0.142618																
P387S6cM5-S138-L001_1																					98.92608397908278	1135436	9.17128711660564	57.0	91.0	9.090909090909092	573881.0									
P387S6cM5-S138-L001_2																							9.015164129482386	56.0	91.0	18.181818181818183	573881.0									
P387S6cM5-S138-L001_flagstat																												379345	11255							
P387S6cM5-S138-L001_postfilterflagstat																												10146	10146							
P387S6cM5-S138-L001_rmdup																														0.15191098209966133	0.07428214731585518	0.13454376163873372	0.07650602409638554	19.15728284510876	55.0	59.084548104957534
P387S6cM5-S138-L002																		2.972933	2.690041	0.144575																
P387S6cM5-S138-L002_1																					98.99066402345008	1168466	9.344841109696105	57.0	91.0	9.090909090909092	590190.0									
P387S6cM5-S138-L002_2																							9.275828297247628	56.0	91.0	18.181818181818183	590190.0									
P387S6cM5-S138-L002_flagstat																												389548	11581							
P387S6cM5-S138-L002_postfilterflagstat																												10479	10479							
P387S6cM5-S138-L002_rmdup																														0.14751046998604	0.06598407281001138	0.14319138979878335	0.07105719237435008	19.0937308035282	55.0	58.98519324986373
P387S6dM4-S104-L001																		24.455686	23.440493	0.914043																
P387S6dM4-S104-L001_1																					98.79895892238663	4958370	68.25253047908461	48.0	91.0	27.27272727272727	2509323.0									
P387S6dM4-S104-L001_2																							67.31248187132408	49.0	91.0	36.36363636363637	2509323.0									
P387S6dM4-S104-L001_flagstat																												2205986	539489							
P387S6dM4-S104-L001_postfilterflagstat																												517094	517094							
P387S6dM4-S104-L001_rmdup																														0.1448776758409786	0.07406969875959835	0.14023866348448688	0.07688776681202662	19.688580503235517	57.0	60.96183001275135
P387S6dM4-S104-L002																		24.451691	23.426675	0.914279																
P387S6dM4-S104-L002_1																					98.83793238237156	4981244	68.52343230018502	48.0	91.0	27.27272727272727	2519905.0									
P387S6dM4-S104-L002_2																							67.53806673843721	49.0	91.0	36.36363636363637	2519905.0									
P387S6dM4-S104-L002_flagstat																												2215769	541793							
P387S6dM4-S104-L002_postfilterflagstat																												519081	519081							
P387S6dM4-S104-L002_rmdup																														0.1438924382568895	0.0759882005899705	0.1405138902057457	0.07792953058647997	19.74977674932631	57.0	61.03531540385951
P387S6eM4-S105-L001																		26.224188	25.100838	0.922244																
P387S6eM4-S105-L001_1																					98.94435719188746	4664518	72.19300783170158	47.0	91.0	27.27272727272727	2357142.0									
P387S6eM4-S105-L001_2																							71.46062613205403	48.0	91.0	27.27272727272727	2357142.0									
P387S6eM4-S105-L001_flagstat																												2115280	554715							
P387S6eM4-S105-L001_postfilterflagstat																												530953	530953							
P387S6eM4-S105-L001_rmdup																														0.14628124678531015	0.07729164039843651	0.13943263896158276	0.07442034405385191	19.671612168433953	56.0	60.59757887896363
P387S6eM4-S105-L002																		26.245751	25.129453	0.922517																
P387S6eM4-S105-L002_1																					98.97043533627294	4700488	72.48923536240989	47.0	91.0	27.27272727272727	2374693.0									
P387S6eM4-S105-L002_2																							71.77280104777255	48.0	91.0	27.27272727272727	2374693.0									
P387S6eM4-S105-L002_flagstat																												2132048	559572							
P387S6eM4-S105-L002_postfilterflagstat																												535772	535772							
P387S6eM4-S105-L002_rmdup																														0.14480566095785047	0.0770392749244713	0.1413678065054212	0.07807620237351655	19.69495382083609	56.0	60.57054979775034
P387aM3-S509-L001																		36.509392	35.127541	0.82825																
P387aM3-S509-L001_1																					97.82570578666518	1930424	62.81565821295445	46.0	91.0	18.181818181818183	986665.0									
P387aM3-S509-L001_2																							62.824380761573465	46.0	91.0	18.181818181818183	986665.0									
P387aM3-S509-L001_flagstat																												931070	339928							
P387aM3-S509-L001_postfilterflagstat																												327062	327062							
P387aM3-S509-L001_rmdup																														0.13304269392663862	0.07337942955920485	0.13151685820838724	0.06923803796924663	30.16520784619853	76.0	82.13263769554645
P387aM3-S509-L002																		36.586727	35.210713	0.828266																
P387aM3-S509-L002_1																					97.84584427584865	1931430	63.371033399262394	46.0	91.0	18.181818181818183	986976.0									
P387aM3-S509-L002_2																							62.99902733769321	46.0	91.0	18.181818181818183	986976.0									
P387aM3-S509-L002_flagstat																												931458	340790							
P387aM3-S509-L002_postfilterflagstat																												327973	327973							
P387aM3-S509-L002_rmdup																														0.12832893247831006	0.07520795815110197	0.13531103375208112	0.06772048026258962	30.194063548682156	76.0	82.05924237604583
P387bM3-S510-L001																		40.88438	39.602849	0.833479																
P387bM3-S510-L001_1																					96.1147656090294	1946522	68.85499508224245	44.0	91.0	18.181818181818183	1012603.0									
P387bM3-S510-L001_2																							68.6747224221485	44.0	91.0	18.181818181818183	1012603.0									
P387bM3-S510-L001_flagstat																												944730	386247							
P387bM3-S510-L001_postfilterflagstat																												374140	374140							
P387bM3-S510-L001_rmdup																														0.133225349260984	0.07581000314564329	0.12850116136084164	0.07065007343278967	31.29910125998672	79.0	85.69107964714316
P387bM3-S510-L002																		41.003332	39.733254	0.834228																
P387bM3-S510-L002_1																					96.11545297637994	1944604	69.46279610368487	44.0	91.0	18.181818181818183	1011598.0									
P387bM3-S510-L002_2																							68.89118563599573	44.0	91.0	18.181818181818183	1011598.0									
P387bM3-S510-L002_flagstat																												944194	387151							
P387bM3-S510-L002_postfilterflagstat																												375159	375159							
P387bM3-S510-L002_rmdup																														0.13343287634043707	0.07461618009704876	0.13090040927694407	0.07280878033699181	31.330621697037927	79.0	85.539838309449
P387cM3-S511-L001																		35.548194	34.384291	0.85323																
P387cM3-S511-L001_1																					96.67990339886866	2385944	62.73346345521876	46.0	91.0	18.181818181818183	1233940.0									
P387cM3-S511-L001_2																							62.60325777242674	46.0	91.0	18.181818181818183	1233940.0									
P387cM3-S511-L001_flagstat																												1149237	408533							
P387cM3-S511-L001_postfilterflagstat																												395157	395157							
P387cM3-S511-L001_rmdup																														0.13366157410759538	0.07626764681313174	0.13476533764896279	0.07433159506663356	31.003456509124202	78.0	84.73578624016464
P387cM3-S511-L002																		35.606198	34.455641	0.853582																
P387cM3-S511-L002_1																					96.70299174774219	2383516	63.31175754356893	46.0	91.0	18.181818181818183	1232390.0									
P387cM3-S511-L002_2																							62.82630855031566	46.0	91.0	18.181818181818183	1232390.0									
P387cM3-S511-L002_flagstat																												1148140	408809							
P387cM3-S511-L002_postfilterflagstat																												395599	395599							
P387cM3-S511-L002_rmdup																														0.1311929952572054	0.07690380761523045	0.1342445511636498	0.07375558127997354	31.023084014916115	78.0	84.71118786191656
R21	43.56579745300182	66.11422082029378	32.11522913213751	16.817357870991987	3.973970233060827	0.30539219086287267	1	2.3486	100.0	187235.0	187235.0	1.23	64	60	1	3	0																			
R21E1S1S2-S58-L001																		2.58035	2.413129	0.502731																
R21E1S1S2-S58-L001_1																					99.08216683998957	27584610	32.33130757132017	59.0	91.0	9.090909090909092	13920068.0									
R21E1S1S2-S58-L001_2																							32.259658265795366	58.0	91.0	18.181818181818183	13920068.0									
R21E1S1S2-S58-L001_flagstat																												12034336	310528							
R21E1S1S2-S58-L001_postfilterflagstat																												290404	290404							
R21E1S1S2-S58-L001_rmdup																														0.1906213364595545	0.10783931357254291	0.17668614439932653	0.09846970163026761	16.34641615685056	58.0	60.67474959736875
R21E1S1S2-S58-L002																		2.568922	2.403381	0.498563																
R21E1S1S2-S58-L002_1																					99.09506989893173	27335488	32.33283463172026	59.0	91.0	9.090909090909092	13792557.0									
R21E1S1S2-S58-L002_2																							31.984746970315115	58.0	91.0	18.181818181818183	13792557.0									
R21E1S1S2-S58-L002_flagstat																												11912429	306021							
R21E1S1S2-S58-L002_postfilterflagstat																												286301	286301							
R21E1S1S2-S58-L002_rmdup																														0.1902760152284264	0.10719295511221945	0.17681939357699877	0.09991037680707633	16.37752433018038	58.0	60.65433686771188
R36	44.041471055156066	94.63567746857825	91.39678106278554	87.1770270536072	75.50131422164847	53.300668446568274	21	24.1954	100.0	1682735.0	1682735.0	1.29	112	101	5	4	2																			
R36E1S1S2-S59-L001																		35.537554	34.236835	0.691777																
R36E1S1S2-S59-L001_1																					99.18092939947262	29662350	32.809550850589915	52.0	91.0	9.090909090909092	14953656.0									
R36E1S1S2-S59-L001_2																							32.90802840306098	51.0	91.0	9.090909090909092	14953656.0									
R36E1S1S2-S59-L001_flagstat																												13108668	4658500							
R36E1S1S2-S59-L001_postfilterflagstat																												4487993	4487993							
R36E1S1S2-S59-L001_rmdup																														0.20761215957991724	0.10773947865178347	0.1839675078560612	0.10119296589840664	22.422700905753487	66.0	69.70106831802244
R36E1S1S2-S59-L002																		35.486567	34.180264	0.690008																
R36E1S1S2-S59-L002_1																					99.19547501314608	29469450	32.74977121931869	52.0	91.0	9.090909090909092	14854231.0									
R36E1S1S2-S59-L002_2																							32.69258155968615	51.0	91.0	18.181818181818183	14854231.0									
R36E1S1S2-S59-L002_flagstat																												13011766	4617429							
R36E1S1S2-S59-L002_postfilterflagstat																												4447456	4447456							
R36E1S1S2-S59-L002_rmdup																														0.20732543938177378	0.10782495692550302	0.18487412177985948	0.10006063628633244	22.421375662977447	66.0	69.69536335955263
R44	44.88034188034189	5.4206596264277085	0.07507471756398484	0.030974014747854748	0.010062413881990246	0.003126387852223307	0	0.061	100.0	5491.0	5491.0	1.4000000000000001	36	30	0	0	6																			
R44E1S1S2-S62-L001																		0.829613	0.285465	0.771746																
R44E1S1S2-S62-L001_1																					97.04587347524354	17289654	49.035228681469015	55.0	91.0	9.090909090909092	8907980.0									
R44E1S1S2-S62-L001_2																							49.184892233164454	56.0	91.0	18.181818181818183	8907980.0									
R44E1S1S2-S62-L001_flagstat																												7692019	63814							
R44E1S1S2-S62-L001_postfilterflagstat																												21958	21958							
R44E1S1S2-S62-L001_rmdup																														0.14297872340425533	0.07330827067669173	0.1339712918660287	0.0811541929666366	16.641925209352788	51.0	54.893875192604334
R44E1S1S2-S62-L002																		0.825212	0.277663	0.765857																
R44E1S1S2-S62-L002_1																					97.06022474611987	17178596	48.623170092429454	55.0	91.0	9.090909090909092	8849452.0									
R44E1S1S2-S62-L002_2																							48.55391711825898	56.0	91.0	18.181818181818183	8849452.0									
R44E1S1S2-S62-L002_flagstat																												7636945	63021							
R44E1S1S2-S62-L002_postfilterflagstat																												21205	21205							
R44E1S1S2-S62-L002_rmdup																														0.1381692573402418	0.06426484907497566	0.1384	0.0798165137614679	16.581675246715825	51.0	54.88921282798874
