Sample	LIBRARY	UNPAIRED_READS_EXAMINED	READ_PAIRS_EXAMINED	SECONDARY_OR_SUPPLEMENTARY_RDS	UNMAPPED_READS	UNPAIRED_READ_DUPLICATES	READ_PAIR_DUPLICATES	READ_PAIR_OPTICAL_DUPLICATES	PERCENT_DUPLICATION	ESTIMATED_LIBRARY_SIZE
D24-L001	Unknown Library	397285.0	0.0	0.0	0.0	287149.0	0.0	0.0	0.722778	
D24-L002	Unknown Library	393321.0	0.0	0.0	0.0	283341.0	0.0	0.0	0.720381	
D25-L001	Unknown Library	13053.0	0.0	0.0	0.0	10363.0	0.0	0.0	0.793917	
D25-L002	Unknown Library	13037.0	0.0	0.0	0.0	10361.0	0.0	0.0	0.794738	
D51-L001	Unknown Library	592455.0	0.0	0.0	0.0	178889.0	0.0	0.0	0.301945	
D51-L002	Unknown Library	586934.0	0.0	0.0	0.0	175543.0	0.0	0.0	0.299085	
D62-L001	Unknown Library	1774559.0	0.0	0.0	0.0	1481513.0	0.0	0.0	0.834863	
D62-L002	Unknown Library	1755889.0	0.0	0.0	0.0	1463361.0	0.0	0.0	0.833402	
D71-L001	Unknown Library	4314745.0	0.0	0.0	0.0	2966747.0	0.0	0.0	0.687583	
D71-L002	Unknown Library	4272871.0	0.0	0.0	0.0	2929433.0	0.0	0.0	0.685589	
D72-L001	Unknown Library	952629.0	0.0	0.0	0.0	619516.0	0.0	0.0	0.650322	
D72-L002	Unknown Library	943716.0	0.0	0.0	0.0	611776.0	0.0	0.0	0.648263	
D75-L001	Unknown Library	7433333.0	0.0	0.0	0.0	6224274.0	0.0	0.0	0.837346	
D75-L002	Unknown Library	7352904.0	0.0	0.0	0.0	6145649.0	0.0	0.0	0.835812	
P187M2-S270-L001	Unknown Library	141504.0	0.0	0.0	0.0	98915.0	0.0	0.0	0.699026	
P187M2-S270-L002	Unknown Library	141928.0	0.0	0.0	0.0	99114.0	0.0	0.0	0.69834	
P187M2-S67-L001	Unknown Library	60861.0	0.0	0.0	0.0	31976.0	0.0	0.0	0.525394	
P187M2-S67-L002	Unknown Library	61855.0	0.0	0.0	0.0	32793.0	0.0	0.0	0.530159	
P187S6aM4-S69-L001	Unknown Library	858775.0	0.0	0.0	0.0	831258.0	0.0	0.0	0.967958	
P187S6aM4-S69-L002	Unknown Library	862166.0	0.0	0.0	0.0	834600.0	0.0	0.0	0.968027	
P187S6aM5-S112-L001	Unknown Library	9509.0	0.0	0.0	0.0	1758.0	0.0	0.0	0.184877	
P187S6aM5-S112-L002	Unknown Library	9856.0	0.0	0.0	0.0	1912.0	0.0	0.0	0.193994	
P187S6bM4-S70-L001	Unknown Library	667306.0	0.0	0.0	0.0	643619.0	0.0	0.0	0.964504	
P187S6bM4-S70-L002	Unknown Library	670842.0	0.0	0.0	0.0	647082.0	0.0	0.0	0.964582	
P187S6bM5-S113-L001	Unknown Library	3062.0	0.0	0.0	0.0	244.0	0.0	0.0	0.079686	
P187S6bM5-S113-L002	Unknown Library	3095.0	0.0	0.0	0.0	254.0	0.0	0.0	0.082068	
P187S6cM4-S71-L001	Unknown Library	984588.0	0.0	0.0	0.0	952850.0	0.0	0.0	0.967765	
P187S6cM4-S71-L002	Unknown Library	992570.0	0.0	0.0	0.0	960785.0	0.0	0.0	0.967977	
P187S6cM5-S114-L001	Unknown Library	6612.0	0.0	0.0	0.0	846.0	0.0	0.0	0.127949	
P187S6cM5-S114-L002	Unknown Library	6676.0	0.0	0.0	0.0	805.0	0.0	0.0	0.120581	
P187S6dM4-S72-L001	Unknown Library	785063.0	0.0	0.0	0.0	763000.0	0.0	0.0	0.971897	
P187S6dM4-S72-L002	Unknown Library	792118.0	0.0	0.0	0.0	770047.0	0.0	0.0	0.972137	
P187S6eM4-S73-L001	Unknown Library	501654.0	0.0	0.0	0.0	495359.0	0.0	0.0	0.987452	
P187S6eM4-S73-L002	Unknown Library	506705.0	0.0	0.0	0.0	500383.0	0.0	0.0	0.987523	
P187bM3-L001	Unknown Library	541033.0	0.0	0.0	0.0	482540.0	0.0	0.0	0.891886	
P187bM3-S498-L001	Unknown Library	528901.0	0.0	0.0	0.0	471888.0	0.0	0.0	0.892205	
P187bM3-S498-L002	Unknown Library	528031.0	0.0	0.0	0.0	471040.0	0.0	0.0	0.892069	
P187cM3-L001	Unknown Library	326137.0	0.0	0.0	0.0	258270.0	0.0	0.0	0.791906	
P187cM3-S499-L001	Unknown Library	321797.0	0.0	0.0	0.0	255382.0	0.0	0.0	0.793612	
P187cM3-S499-L002	Unknown Library	320062.0	0.0	0.0	0.0	253676.0	0.0	0.0	0.792584	
P187cM3-S68-L001	Unknown Library	1070497.0	0.0	0.0	0.0	973047.0	0.0	0.0	0.908968	
P187cM3-S68-L002	Unknown Library	1074642.0	0.0	0.0	0.0	977437.0	0.0	0.0	0.909547	
P212M2-S271-L001	Unknown Library	1267789.0	0.0	0.0	0.0	1220163.0	0.0	0.0	0.962434	
P212M2-S271-L002	Unknown Library	1292037.0	0.0	0.0	0.0	1244644.0	0.0	0.0	0.963319	
P212S6aM4-S76-L001	Unknown Library	989982.0	0.0	0.0	0.0	954358.0	0.0	0.0	0.964016	
P212S6aM4-S76-L002	Unknown Library	992299.0	0.0	0.0	0.0	956659.0	0.0	0.0	0.964083	
P212S6aM5-S115-L001	Unknown Library	10431.0	0.0	0.0	0.0	2182.0	0.0	0.0	0.209184	
P212S6aM5-S115-L002	Unknown Library	10564.0	0.0	0.0	0.0	2190.0	0.0	0.0	0.207308	
P212S6bM4-S77-L001	Unknown Library	1938693.0	0.0	0.0	0.0	1881080.0	0.0	0.0	0.970283	
P212S6bM4-S77-L002	Unknown Library	1950165.0	0.0	0.0	0.0	1892611.0	0.0	0.0	0.970488	
P212S6bM5-S116-L001	Unknown Library	46623.0	0.0	0.0	0.0	18557.0	0.0	0.0	0.398022	
P212S6bM5-S116-L002	Unknown Library	47969.0	0.0	0.0	0.0	19230.0	0.0	0.0	0.400884	
P212S6cM4-S78-L001	Unknown Library	1838002.0	0.0	0.0	0.0	1789627.0	0.0	0.0	0.973681	
P212S6cM4-S78-L002	Unknown Library	1854375.0	0.0	0.0	0.0	1805838.0	0.0	0.0	0.973826	
P212S6cM5-S117-L001	Unknown Library	14934.0	0.0	0.0	0.0	3137.0	0.0	0.0	0.210058	
P212S6cM5-S117-L002	Unknown Library	14963.0	0.0	0.0	0.0	3280.0	0.0	0.0	0.219207	
P212S6dM4-S79-L001	Unknown Library	2473232.0	0.0	0.0	0.0	2388163.0	0.0	0.0	0.965604	
P212S6dM4-S79-L002	Unknown Library	2489747.0	0.0	0.0	0.0	2404796.0	0.0	0.0	0.96588	
P212S6eM4-S80-L001	Unknown Library	2159055.0	0.0	0.0	0.0	2076029.0	0.0	0.0	0.961545	
P212S6eM4-S80-L002	Unknown Library	2215030.0	0.0	0.0	0.0	2131774.0	0.0	0.0	0.962413	
P212aM3-S500-L001	Unknown Library	804857.0	0.0	0.0	0.0	722123.0	0.0	0.0	0.897207	
P212aM3-S500-L002	Unknown Library	804046.0	0.0	0.0	0.0	721250.0	0.0	0.0	0.897026	
P212aM3-S74-L001	Unknown Library	241.0	0.0	0.0	0.0	68.0	0.0	0.0	0.282158	
P212aM3-S74-L002	Unknown Library	298.0	0.0	0.0	0.0	78.0	0.0	0.0	0.261745	
P212bM3-S501-L001	Unknown Library	737767.0	0.0	0.0	0.0	654712.0	0.0	0.0	0.887424	
P212bM3-S501-L002	Unknown Library	736977.0	0.0	0.0	0.0	653587.0	0.0	0.0	0.886849	
P212bM3-S75-L001	Unknown Library	95.0	0.0	0.0	0.0	14.0	0.0	0.0	0.147368	
P212bM3-S75-L002	Unknown Library	86.0	0.0	0.0	0.0	14.0	0.0	0.0	0.162791	
P212cM3-S502-L001	Unknown Library	766041.0	0.0	0.0	0.0	718224.0	0.0	0.0	0.937579	
P212cM3-S502-L002	Unknown Library	763364.0	0.0	0.0	0.0	715431.0	0.0	0.0	0.937208	
P246M2-S273-L001	Unknown Library	41623.0	0.0	0.0	0.0	39023.0	0.0	0.0	0.937535	
P246M2-S273-L002	Unknown Library	41980.0	0.0	0.0	0.0	39352.0	0.0	0.0	0.937399	
P246S6aM4-S84-L001	Unknown Library	40117.0	0.0	0.0	0.0	38201.0	0.0	0.0	0.95224	
P246S6aM4-S84-L002	Unknown Library	40285.0	0.0	0.0	0.0	38405.0	0.0	0.0	0.953333	
P246S6aM5-S121-L001	Unknown Library	332.0	0.0	0.0	0.0	39.0	0.0	0.0	0.11747	
P246S6aM5-S121-L002	Unknown Library	343.0	0.0	0.0	0.0	32.0	0.0	0.0	0.093294	
P246S6bM4-S85-L001	Unknown Library	40275.0	0.0	0.0	0.0	38792.0	0.0	0.0	0.963178	
P246S6bM4-S85-L002	Unknown Library	40364.0	0.0	0.0	0.0	38874.0	0.0	0.0	0.963086	
P246S6bM5-S122-L001	Unknown Library	247.0	0.0	0.0	0.0	28.0	0.0	0.0	0.11336	
P246S6bM5-S122-L002	Unknown Library	271.0	0.0	0.0	0.0	33.0	0.0	0.0	0.121771	
P246S6cM4-S86-L001	Unknown Library	2705.0	0.0	0.0	0.0	1836.0	0.0	0.0	0.678743	
P246S6cM4-S86-L002	Unknown Library	2858.0	0.0	0.0	0.0	1967.0	0.0	0.0	0.688244	
P246S6cM5-S123-L001	Unknown Library	220.0	0.0	0.0	0.0	18.0	0.0	0.0	0.081818	
P246S6cM5-S123-L002	Unknown Library	239.0	0.0	0.0	0.0	22.0	0.0	0.0	0.09205	
P384M2-S279-L001	Unknown Library	151090.0	0.0	0.0	0.0	139536.0	0.0	0.0	0.923529	
P384M2-S279-L002	Unknown Library	150673.0	0.0	0.0	0.0	139060.0	0.0	0.0	0.922926	
P384S6aM4-S98-L001	Unknown Library	283486.0	0.0	0.0	0.0	269916.0	0.0	0.0	0.952132	
P384S6aM4-S98-L002	Unknown Library	285608.0	0.0	0.0	0.0	272044.0	0.0	0.0	0.952508	
P384S6aM5-S133-L001	Unknown Library	1974.0	0.0	0.0	0.0	241.0	0.0	0.0	0.122087	
P384S6aM5-S133-L002	Unknown Library	1985.0	0.0	0.0	0.0	231.0	0.0	0.0	0.116373	
P384S6bM4-S99-L001	Unknown Library	687044.0	0.0	0.0	0.0	674542.0	0.0	0.0	0.981803	
P384S6bM4-S99-L002	Unknown Library	707638.0	0.0	0.0	0.0	695071.0	0.0	0.0	0.982241	
P384S6bM5-S134-L001	Unknown Library	8401.0	0.0	0.0	0.0	2781.0	0.0	0.0	0.331032	
P384S6bM5-S134-L002	Unknown Library	8757.0	0.0	0.0	0.0	2946.0	0.0	0.0	0.336417	
P384S6cM4-S100-L001	Unknown Library	579219.0	0.0	0.0	0.0	563720.0	0.0	0.0	0.973242	
P384S6cM4-S100-L002	Unknown Library	582144.0	0.0	0.0	0.0	566651.0	0.0	0.0	0.973386	
P384S6cM5-S135-L001	Unknown Library	3540.0	0.0	0.0	0.0	622.0	0.0	0.0	0.175706	
P384S6cM5-S135-L002	Unknown Library	3427.0	0.0	0.0	0.0	548.0	0.0	0.0	0.159907	
P384aM3-S506-L001	Unknown Library	292952.0	0.0	0.0	0.0	278224.0	0.0	0.0	0.949726	
P384aM3-S506-L002	Unknown Library	292063.0	0.0	0.0	0.0	277306.0	0.0	0.0	0.949473	
P384bM3-S507-L001	Unknown Library	267290.0	0.0	0.0	0.0	253035.0	0.0	0.0	0.946668	
P384bM3-S507-L002	Unknown Library	267099.0	0.0	0.0	0.0	252875.0	0.0	0.0	0.946746	
P384cM3-S508-L001	Unknown Library	216523.0	0.0	0.0	0.0	203783.0	0.0	0.0	0.941161	
P384cM3-S508-L002	Unknown Library	215839.0	0.0	0.0	0.0	203085.0	0.0	0.0	0.94091	
P387M2-S280-L001	Unknown Library	821211.0	0.0	0.0	0.0	748798.0	0.0	0.0	0.911822	
P387M2-S280-L002	Unknown Library	835084.0	0.0	0.0	0.0	762484.0	0.0	0.0	0.913063	
P387S6aM4-S101-L001	Unknown Library	531706.0	0.0	0.0	0.0	490226.0	0.0	0.0	0.921987	
P387S6aM4-S101-L002	Unknown Library	534273.0	0.0	0.0	0.0	492805.0	0.0	0.0	0.922384	
P387S6aM5-S136-L001	Unknown Library	4452.0	0.0	0.0	0.0	328.0	0.0	0.0	0.073675	
P387S6aM5-S136-L002	Unknown Library	4664.0	0.0	0.0	0.0	348.0	0.0	0.0	0.074614	
P387S6bM4-S102-L001	Unknown Library	476367.0	0.0	0.0	0.0	433812.0	0.0	0.0	0.910668	
P387S6bM4-S102-L002	Unknown Library	479077.0	0.0	0.0	0.0	436467.0	0.0	0.0	0.911058	
P387S6bM5-S137-L001	Unknown Library	7802.0	0.0	0.0	0.0	882.0	0.0	0.0	0.113048	
P387S6bM5-S137-L002	Unknown Library	8014.0	0.0	0.0	0.0	859.0	0.0	0.0	0.107187	
P387S6cM4-S103-L001	Unknown Library	427807.0	0.0	0.0	0.0	390133.0	0.0	0.0	0.911937	
P387S6cM4-S103-L002	Unknown Library	432577.0	0.0	0.0	0.0	394914.0	0.0	0.0	0.912933	
P387S6cM5-S138-L001	Unknown Library	10146.0	0.0	0.0	0.0	1447.0	0.0	0.0	0.142618	
P387S6cM5-S138-L002	Unknown Library	10479.0	0.0	0.0	0.0	1515.0	0.0	0.0	0.144575	
P387S6dM4-S104-L001	Unknown Library	517094.0	0.0	0.0	0.0	472646.0	0.0	0.0	0.914043	
P387S6dM4-S104-L002	Unknown Library	519081.0	0.0	0.0	0.0	474585.0	0.0	0.0	0.914279	
P387S6eM4-S105-L001	Unknown Library	530953.0	0.0	0.0	0.0	489668.0	0.0	0.0	0.922244	
P387S6eM4-S105-L002	Unknown Library	535772.0	0.0	0.0	0.0	494259.0	0.0	0.0	0.922517	
P387aM3-S509-L001	Unknown Library	327062.0	0.0	0.0	0.0	270889.0	0.0	0.0	0.82825	
P387aM3-S509-L002	Unknown Library	327973.0	0.0	0.0	0.0	271649.0	0.0	0.0	0.828266	
P387bM3-S510-L001	Unknown Library	374140.0	0.0	0.0	0.0	311838.0	0.0	0.0	0.833479	
P387bM3-S510-L002	Unknown Library	375159.0	0.0	0.0	0.0	312968.0	0.0	0.0	0.834228	
P387cM3-S511-L001	Unknown Library	395157.0	0.0	0.0	0.0	337160.0	0.0	0.0	0.85323	
P387cM3-S511-L002	Unknown Library	395599.0	0.0	0.0	0.0	337676.0	0.0	0.0	0.853582	
R21E1S1S2-S58-L001	Unknown Library	290404.0	0.0	0.0	0.0	145995.0	0.0	0.0	0.502731	
R21E1S1S2-S58-L002	Unknown Library	286301.0	0.0	0.0	0.0	142739.0	0.0	0.0	0.498563	
R36E1S1S2-S59-L001	Unknown Library	4487993.0	0.0	0.0	0.0	3104690.0	0.0	0.0	0.691777	
R36E1S1S2-S59-L002	Unknown Library	4447456.0	0.0	0.0	0.0	3068779.0	0.0	0.0	0.690008	
R44E1S1S2-S62-L001	Unknown Library	21958.0	0.0	0.0	0.0	16946.0	0.0	0.0	0.771746	
R44E1S1S2-S62-L002	Unknown Library	21205.0	0.0	0.0	0.0	16240.0	0.0	0.0	0.765857	
