Perfect_X	Perfect_Y	D62_X	D62_Y	D72_X	D72_Y	P187_X	P187_Y	P212_X	P212_Y	P387_X	P387_Y
0	0	0	0	0	0	0	0	0	0	0	0
0.928192	0.928192	0.001	0.001084	0.001	0.001039	0.001	0.001174	0.001	0.00119	0.001	0.001089
		0.002	0.00207	0.002	0.002026	0.002	0.001937	0.002	0.001912	0.002	0.001912
		0.003	0.003039	0.003	0.003007	0.003	0.002611	0.003	0.002544	0.003	0.002662
		0.004	0.004007	0.004	0.003989	0.004	0.003225	0.004	0.00311	0.004	0.003363
		0.005	0.004967	0.005	0.004966	0.005	0.003795	0.005	0.003622	0.005	0.004015
		0.006	0.005923	0.006	0.005938	0.006	0.004316	0.006	0.004109	0.006	0.004633
		0.007	0.006868	0.007	0.006905	0.007	0.004802	0.007	0.004554	0.007	0.005204
		0.008	0.007806	0.008	0.007866	0.008	0.005264	0.008	0.004977	0.008	0.005756
		0.009	0.008733	0.009	0.008826	0.009	0.005708	0.009	0.005373	0.009	0.006286
		0.01	0.009663	0.01	0.009781	0.01	0.006122	0.01	0.005752	0.01	0.006777
		0.011	0.010576	0.011	0.010725	0.011	0.006509	0.011	0.006114	0.011	0.007255
		0.012	0.011487	0.012	0.011668	0.012	0.006886	0.012	0.006458	0.012	0.007719
		0.013	0.012392	0.013	0.012606	0.013	0.007245	0.013	0.006782	0.013	0.008163
		0.014	0.013287	0.014	0.01354	0.014	0.007594	0.014	0.007093	0.014	0.008591
		0.015	0.014176	0.015	0.014472	0.015	0.007913	0.015	0.00739	0.015	0.009004
		0.016	0.015055	0.016	0.015398	0.016	0.008228	0.016	0.00769	0.016	0.009402
		0.017	0.015932	0.017	0.016321	0.017	0.008533	0.017	0.00797	0.017	0.009793
		0.018	0.016804	0.018	0.017235	0.018	0.008826	0.018	0.008251	0.018	0.010162
		0.019	0.017672	0.019	0.018145	0.019	0.009115	0.019	0.0085	0.019	0.010528
		0.02	0.01852	0.02	0.019053	0.02	0.009383	0.02	0.008765	0.02	0.010881
		0.021	0.019374	0.021	0.019958	0.021	0.009636	0.021	0.009009	0.021	0.011228
		0.022	0.020214	0.022	0.020856	0.022	0.009892	0.022	0.009259	0.022	0.011561
		0.023	0.021056	0.023	0.021752	0.023	0.010142	0.023	0.009486	0.023	0.011885
		0.024	0.021886	0.024	0.022642	0.024	0.010381	0.024	0.009716	0.024	0.012203
		0.025	0.022715	0.025	0.02353	0.025	0.01061	0.025	0.00994	0.025	0.012509
		0.026	0.023535	0.026	0.024412	0.026	0.010833	0.026	0.010146	0.026	0.012817
		0.027	0.02436	0.027	0.025297	0.027	0.011058	0.027	0.010362	0.027	0.013111
		0.028	0.025159	0.028	0.026166	0.028	0.011265	0.028	0.010569	0.028	0.013403
		0.029	0.025964	0.029	0.027038	0.029	0.01147	0.029	0.010764	0.029	0.013682
		0.03	0.026764	0.03	0.027901	0.03	0.011674	0.03	0.010962	0.03	0.01396
		0.031	0.027556	0.031	0.028765	0.031	0.011869	0.031	0.011152	0.031	0.014229
		0.032	0.02835	0.032	0.029627	0.032	0.012054	0.032	0.011338	0.032	0.014488
		0.033	0.029137	0.033	0.030483	0.033	0.012239	0.033	0.011522	0.033	0.014746
		0.034	0.029917	0.034	0.031332	0.034	0.012419	0.034	0.011707	0.034	0.015002
		0.035	0.030686	0.035	0.032181	0.035	0.012593	0.035	0.011881	0.035	0.015257
		0.036	0.031456	0.036	0.033026	0.036	0.012768	0.036	0.012055	0.036	0.015493
		0.037	0.032218	0.037	0.033865	0.037	0.012936	0.037	0.012224	0.037	0.015738
		0.038	0.032974	0.038	0.034702	0.038	0.013099	0.038	0.012388	0.038	0.015967
		0.039	0.033732	0.039	0.035537	0.039	0.01326	0.039	0.012549	0.039	0.016196
		0.04	0.03448	0.04	0.036363	0.04	0.013419	0.04	0.012711	0.04	0.016424
		0.041	0.035223	0.041	0.03719	0.041	0.013571	0.041	0.012873	0.041	0.016649
		0.042	0.035964	0.042	0.038011	0.042	0.01372	0.042	0.013023	0.042	0.016867
		0.043	0.036699	0.043	0.03883	0.043	0.013869	0.043	0.013179	0.043	0.017087
		0.044	0.037432	0.044	0.039645	0.044	0.014006	0.044	0.013327	0.044	0.017292
		0.045	0.038154	0.045	0.040458	0.045	0.014145	0.045	0.013474	0.045	0.017505
		0.046	0.038883	0.046	0.041267	0.046	0.014287	0.046	0.013624	0.046	0.017708
		0.047	0.039594	0.047	0.042073	0.047	0.014416	0.047	0.013762	0.047	0.017907
		0.048	0.04031	0.048	0.042873	0.048	0.014553	0.048	0.013902	0.048	0.018109
		0.049	0.041023	0.049	0.043674	0.049	0.014682	0.049	0.014041	0.049	0.018299
		0.05	0.041728	0.05	0.04447	0.05	0.014807	0.05	0.014178	0.05	0.018492
		0.051	0.04243	0.051	0.04526	0.051	0.014935	0.051	0.014309	0.051	0.018678
		0.052	0.043127	0.052	0.046047	0.052	0.015054	0.052	0.014443	0.052	0.018865
		0.053	0.043818	0.053	0.046833	0.053	0.015173	0.053	0.014571	0.053	0.019048
		0.054	0.044504	0.054	0.047615	0.054	0.015292	0.054	0.014698	0.054	0.019229
		0.055	0.045185	0.055	0.048395	0.055	0.015404	0.055	0.014829	0.055	0.019408
		0.056	0.045873	0.056	0.049167	0.056	0.015521	0.056	0.014952	0.056	0.019584
		0.057	0.046551	0.057	0.049941	0.057	0.015633	0.057	0.015075	0.057	0.019757
		0.058	0.047226	0.058	0.05071	0.058	0.015742	0.058	0.015196	0.058	0.019926
		0.059	0.047895	0.059	0.051479	0.059	0.015845	0.059	0.015315	0.059	0.020093
		0.06	0.048562	0.06	0.052241	0.06	0.015949	0.06	0.01543	0.06	0.020257
		0.061	0.049224	0.061	0.053	0.061	0.016053	0.061	0.015549	0.061	0.020428
		0.062	0.049881	0.062	0.053763	0.062	0.016154	0.062	0.015668	0.062	0.020585
		0.063	0.050538	0.063	0.054514	0.063	0.01626	0.063	0.015778	0.063	0.020745
		0.064	0.051188	0.064	0.055264	0.064	0.016357	0.064	0.015891	0.064	0.020903
		0.065	0.051838	0.065	0.056013	0.065	0.016454	0.065	0.016001	0.065	0.021056
		0.066	0.052484	0.066	0.056761	0.066	0.016547	0.066	0.016112	0.066	0.021209
		0.067	0.053124	0.067	0.057503	0.067	0.01664	0.067	0.016219	0.067	0.021362
		0.068	0.053766	0.068	0.058242	0.068	0.01673	0.068	0.016328	0.068	0.021509
		0.069	0.054401	0.069	0.058982	0.069	0.016825	0.069	0.016432	0.069	0.021654
		0.07	0.055026	0.07	0.059713	0.07	0.016913	0.07	0.016534	0.07	0.021805
		0.071	0.055658	0.071	0.060442	0.071	0.017	0.071	0.016638	0.071	0.02195
		0.072	0.056282	0.072	0.06117	0.072	0.017087	0.072	0.01674	0.072	0.02209
		0.073	0.056907	0.073	0.061901	0.073	0.017174	0.073	0.016842	0.073	0.022228
		0.074	0.057523	0.074	0.06262	0.074	0.017258	0.074	0.016943	0.074	0.022368
		0.075	0.058135	0.075	0.063338	0.075	0.017345	0.075	0.017041	0.075	0.022507
		0.076	0.058747	0.076	0.064053	0.076	0.017423	0.076	0.017136	0.076	0.022642
		0.077	0.059359	0.077	0.064774	0.077	0.0175	0.077	0.017234	0.077	0.022774
		0.078	0.05996	0.078	0.065484	0.078	0.017579	0.078	0.017329	0.078	0.022911
		0.079	0.060567	0.079	0.066194	0.079	0.017657	0.079	0.017421	0.079	0.02304
		0.08	0.061162	0.08	0.066899	0.08	0.017728	0.08	0.017514	0.08	0.023171
		0.081	0.061768	0.081	0.067605	0.081	0.017813	0.081	0.017607	0.081	0.023295
		0.082	0.062358	0.082	0.068306	0.082	0.017885	0.082	0.017704	0.082	0.023424
		0.083	0.06295	0.083	0.069003	0.083	0.017956	0.083	0.017791	0.083	0.023549
		0.084	0.063531	0.084	0.0697	0.084	0.018031	0.084	0.017877	0.084	0.023672
		0.085	0.064119	0.085	0.070394	0.085	0.018106	0.085	0.01797	0.085	0.023795
		0.086	0.064703	0.086	0.071086	0.086	0.018176	0.086	0.018056	0.086	0.023914
		0.087	0.065284	0.087	0.071775	0.087	0.018242	0.087	0.018143	0.087	0.024035
		0.088	0.065859	0.088	0.072461	0.088	0.018311	0.088	0.018227	0.088	0.024153
		0.089	0.066435	0.089	0.073145	0.089	0.018379	0.089	0.018311	0.089	0.024269
		0.09	0.067004	0.09	0.073828	0.09	0.018447	0.09	0.018399	0.09	0.024387
		0.091	0.067571	0.091	0.074506	0.091	0.018512	0.091	0.018485	0.091	0.024506
		0.092	0.068137	0.092	0.075181	0.092	0.018579	0.092	0.018567	0.092	0.024618
		0.093	0.068701	0.093	0.075854	0.093	0.018644	0.093	0.018648	0.093	0.024727
		0.094	0.069258	0.094	0.076525	0.094	0.018709	0.094	0.01873	0.094	0.02484
		0.095	0.06982	0.095	0.077194	0.095	0.01877	0.095	0.018806	0.095	0.024951
		0.096	0.070377	0.096	0.077859	0.096	0.018831	0.096	0.018885	0.096	0.025058
		0.097	0.070922	0.097	0.078525	0.097	0.018892	0.097	0.018967	0.097	0.025171
		0.098	0.071473	0.098	0.079187	0.098	0.018952	0.098	0.019043	0.098	0.025277
		0.099	0.072021	0.099	0.079844	0.099	0.019012	0.099	0.019125	0.099	0.025382
		0.1	0.07257	0.1	0.080502	0.1	0.019072	0.1	0.0192	0.1	0.025487
		0.101	0.073111	0.101	0.081159	0.101	0.01913	0.101	0.019277	0.101	0.02559
		0.102	0.073653	0.102	0.081809	0.102	0.019188	0.102	0.019352	0.102	0.025694
		0.103	0.074188	0.103	0.08246	0.103	0.019244	0.103	0.019427	0.103	0.025795
		0.104	0.074721	0.104	0.083107	0.104	0.0193	0.104	0.019499	0.104	0.025896
		0.105	0.075254	0.105	0.083756	0.105	0.019354	0.105	0.019571	0.105	0.025996
		0.106	0.075787	0.106	0.0844	0.106	0.019408	0.106	0.019641	0.106	0.026097
		0.107	0.076313	0.107	0.085041	0.107	0.019462	0.107	0.019716	0.107	0.026196
		0.108	0.076838	0.108	0.085679	0.108	0.019518	0.108	0.019795	0.108	0.026292
		0.109	0.07736	0.109	0.086314	0.109	0.019571	0.109	0.019862	0.109	0.026389
		0.11	0.077881	0.11	0.086951	0.11	0.019625	0.11	0.019936	0.11	0.026484
		0.111	0.078401	0.111	0.087585	0.111	0.019677	0.111	0.02	0.111	0.026578
		0.112	0.078921	0.112	0.088216	0.112	0.019728	0.112	0.020069	0.112	0.026675
		0.113	0.079431	0.113	0.088841	0.113	0.019774	0.113	0.020142	0.113	0.026767
		0.114	0.079945	0.114	0.089468	0.114	0.019827	0.114	0.020211	0.114	0.02686
		0.115	0.080454	0.115	0.090092	0.115	0.019877	0.115	0.02028	0.115	0.026949
		0.116	0.080957	0.116	0.090714	0.116	0.019925	0.116	0.020343	0.116	0.027041
		0.117	0.081464	0.117	0.091333	0.117	0.019974	0.117	0.020412	0.117	0.027129
		0.118	0.081965	0.118	0.091952	0.118	0.020022	0.118	0.020476	0.118	0.027221
		0.119	0.082465	0.119	0.092568	0.119	0.020071	0.119	0.020545	0.119	0.027309
		0.12	0.082968	0.12	0.09318	0.12	0.020117	0.12	0.020607	0.12	0.027398
		0.121	0.083462	0.121	0.093791	0.121	0.020159	0.121	0.020671	0.121	0.027483
		0.122	0.083958	0.122	0.0944	0.122	0.020209	0.122	0.020736	0.122	0.02757
		0.123	0.084446	0.123	0.09501	0.123	0.020254	0.123	0.020799	0.123	0.027655
		0.124	0.084938	0.124	0.095615	0.124	0.020299	0.124	0.02086	0.124	0.027737
		0.125	0.085432	0.125	0.096216	0.125	0.020344	0.125	0.020922	0.125	0.027822
		0.126	0.085918	0.126	0.096819	0.126	0.020385	0.126	0.02099	0.126	0.027905
		0.127	0.0864	0.127	0.097421	0.127	0.020431	0.127	0.021051	0.127	0.027989
		0.128	0.086882	0.128	0.098014	0.128	0.020474	0.128	0.021112	0.128	0.028071
		0.129	0.087361	0.129	0.098613	0.129	0.020516	0.129	0.021173	0.129	0.028152
		0.13	0.087837	0.13	0.099208	0.13	0.020561	0.13	0.021232	0.13	0.028233
		0.131	0.088316	0.131	0.0998	0.131	0.020601	0.131	0.021291	0.131	0.028311
		0.132	0.088787	0.132	0.100389	0.132	0.020641	0.132	0.021351	0.132	0.028392
		0.133	0.089268	0.133	0.100976	0.133	0.020682	0.133	0.021411	0.133	0.02847
		0.134	0.089738	0.134	0.101562	0.134	0.020722	0.134	0.02147	0.134	0.028549
		0.135	0.090202	0.135	0.102148	0.135	0.020759	0.135	0.021526	0.135	0.028629
		0.136	0.090671	0.136	0.102727	0.136	0.020803	0.136	0.021583	0.136	0.028703
		0.137	0.091139	0.137	0.103312	0.137	0.020844	0.137	0.021645	0.137	0.028779
		0.138	0.0916	0.138	0.10389	0.138	0.020882	0.138	0.0217	0.138	0.028856
		0.139	0.092058	0.139	0.104464	0.139	0.02092	0.139	0.021757	0.139	0.028928
		0.14	0.092517	0.14	0.10504	0.14	0.020959	0.14	0.021811	0.14	0.029005
		0.141	0.092975	0.141	0.105613	0.141	0.020998	0.141	0.021869	0.141	0.02908
		0.142	0.093427	0.142	0.106184	0.142	0.021034	0.142	0.02192	0.142	0.029151
		0.143	0.093887	0.143	0.106754	0.143	0.02107	0.143	0.02198	0.143	0.029223
		0.144	0.094336	0.144	0.107325	0.144	0.021109	0.144	0.022033	0.144	0.029298
		0.145	0.09479	0.145	0.107887	0.145	0.021147	0.145	0.022089	0.145	0.02937
		0.146	0.095236	0.146	0.108453	0.146	0.021181	0.146	0.022142	0.146	0.02944
		0.147	0.095684	0.147	0.109014	0.147	0.021218	0.147	0.022197	0.147	0.029511
		0.148	0.096127	0.148	0.109574	0.148	0.021253	0.148	0.022253	0.148	0.02958
		0.149	0.096571	0.149	0.110134	0.149	0.021286	0.149	0.022302	0.149	0.029651
		0.15	0.097012	0.15	0.110692	0.15	0.021321	0.15	0.022355	0.15	0.02972
		0.151	0.097451	0.151	0.111245	0.151	0.021358	0.151	0.022406	0.151	0.029787
		0.152	0.097892	0.152	0.1118	0.152	0.02139	0.152	0.022459	0.152	0.029855
		0.153	0.098325	0.153	0.112352	0.153	0.021425	0.153	0.022508	0.153	0.029923
		0.154	0.098761	0.154	0.112903	0.154	0.021455	0.154	0.02256	0.154	0.029992
		0.155	0.099192	0.155	0.113455	0.155	0.021493	0.155	0.022613	0.155	0.030056
		0.156	0.099627	0.156	0.113999	0.156	0.021525	0.156	0.022665	0.156	0.030124
		0.157	0.100063	0.157	0.114546	0.157	0.021559	0.157	0.022714	0.157	0.030187
		0.158	0.10049	0.158	0.115089	0.158	0.021592	0.158	0.022764	0.158	0.03025
		0.159	0.100912	0.159	0.115631	0.159	0.021623	0.159	0.022814	0.159	0.030316
		0.16	0.10134	0.16	0.116168	0.16	0.021654	0.16	0.022863	0.16	0.030382
		0.161	0.101764	0.161	0.116706	0.161	0.021684	0.161	0.022909	0.161	0.030447
		0.162	0.102182	0.162	0.117246	0.162	0.021718	0.162	0.022961	0.162	0.03051
		0.163	0.102602	0.163	0.117781	0.163	0.021748	0.163	0.023011	0.163	0.030574
		0.164	0.103027	0.164	0.118315	0.164	0.021779	0.164	0.023058	0.164	0.030635
		0.165	0.103439	0.165	0.118847	0.165	0.021806	0.165	0.023107	0.165	0.030698
		0.166	0.103855	0.166	0.119376	0.166	0.021838	0.166	0.023152	0.166	0.030761
		0.167	0.104265	0.167	0.119905	0.167	0.021869	0.167	0.023199	0.167	0.03082
		0.168	0.104684	0.168	0.120436	0.168	0.021899	0.168	0.023249	0.168	0.030882
		0.169	0.105094	0.169	0.12096	0.169	0.021931	0.169	0.023295	0.169	0.030944
		0.17	0.105505	0.17	0.121486	0.17	0.021958	0.17	0.023338	0.17	0.031002
		0.171	0.105908	0.171	0.12201	0.171	0.021987	0.171	0.023387	0.171	0.031064
		0.172	0.106318	0.172	0.12253	0.172	0.022018	0.172	0.023429	0.172	0.031119
		0.173	0.10672	0.173	0.12305	0.173	0.022048	0.173	0.023478	0.173	0.031179
		0.174	0.107129	0.174	0.123568	0.174	0.022071	0.174	0.023523	0.174	0.031237
		0.175	0.107533	0.175	0.124082	0.175	0.022103	0.175	0.023567	0.175	0.031296
		0.176	0.107932	0.176	0.1246	0.176	0.02213	0.176	0.023615	0.176	0.031352
		0.177	0.108331	0.177	0.125113	0.177	0.022159	0.177	0.023657	0.177	0.031412
		0.178	0.108729	0.178	0.125622	0.178	0.022183	0.178	0.023702	0.178	0.031469
		0.179	0.109129	0.179	0.126136	0.179	0.022212	0.179	0.023747	0.179	0.031525
		0.18	0.10952	0.18	0.126643	0.18	0.022241	0.18	0.023791	0.18	0.031581
		0.181	0.109912	0.181	0.127151	0.181	0.022266	0.181	0.023835	0.181	0.031637
		0.182	0.110307	0.182	0.127661	0.182	0.022296	0.182	0.023875	0.182	0.031692
		0.183	0.110699	0.183	0.128165	0.183	0.02232	0.183	0.023917	0.183	0.03175
		0.184	0.111088	0.184	0.128669	0.184	0.022344	0.184	0.023962	0.184	0.031806
		0.185	0.111477	0.185	0.129168	0.185	0.02237	0.185	0.024006	0.185	0.031856
		0.186	0.111866	0.186	0.129668	0.186	0.022399	0.186	0.024048	0.186	0.031909
		0.187	0.112249	0.187	0.130167	0.187	0.022425	0.187	0.02409	0.187	0.031964
		0.188	0.112636	0.188	0.130666	0.188	0.022448	0.188	0.024134	0.188	0.032017
		0.189	0.113017	0.189	0.131163	0.189	0.022475	0.189	0.024174	0.189	0.03207
		0.19	0.113397	0.19	0.131656	0.19	0.022499	0.19	0.024213	0.19	0.032122
		0.191	0.113776	0.191	0.13215	0.191	0.022523	0.191	0.024257	0.191	0.032175
		0.192	0.114157	0.192	0.132643	0.192	0.02255	0.192	0.024298	0.192	0.032227
		0.193	0.114533	0.193	0.133135	0.193	0.022571	0.193	0.024337	0.193	0.032278
		0.194	0.114913	0.194	0.133623	0.194	0.022596	0.194	0.024377	0.194	0.032331
		0.195	0.115288	0.195	0.134109	0.195	0.022619	0.195	0.02442	0.195	0.032382
		0.196	0.115663	0.196	0.134596	0.196	0.022645	0.196	0.024459	0.196	0.032435
		0.197	0.116033	0.197	0.135082	0.197	0.022669	0.197	0.0245	0.197	0.032485
		0.198	0.116405	0.198	0.135566	0.198	0.022694	0.198	0.024539	0.198	0.032536
		0.199	0.116774	0.199	0.136045	0.199	0.022717	0.199	0.024579	0.199	0.032584
		0.2	0.117147	0.2	0.136529	0.2	0.022741	0.2	0.024617	0.2	0.032633
		0.201	0.117512	0.201	0.137008	0.201	0.022764	0.201	0.024656	0.201	0.032683
		0.202	0.117882	0.202	0.137487	0.202	0.022784	0.202	0.024696	0.202	0.032733
		0.203	0.118244	0.203	0.137962	0.203	0.022807	0.203	0.024734	0.203	0.032781
		0.204	0.118606	0.204	0.138439	0.204	0.022831	0.204	0.02477	0.204	0.032829
		0.205	0.118969	0.205	0.138914	0.205	0.022855	0.205	0.024809	0.205	0.032878
		0.206	0.119335	0.206	0.139385	0.206	0.022875	0.206	0.024847	0.206	0.032924
		0.207	0.119692	0.207	0.139856	0.207	0.022896	0.207	0.024886	0.207	0.032972
		0.208	0.120054	0.208	0.140326	0.208	0.022921	0.208	0.024925	0.208	0.03302
		0.209	0.120413	0.209	0.140798	0.209	0.022941	0.209	0.024961	0.209	0.03307
		0.21	0.120769	0.21	0.141265	0.21	0.02296	0.21	0.024996	0.21	0.033115
		0.211	0.121121	0.211	0.14173	0.211	0.022985	0.211	0.025037	0.211	0.03316
		0.212	0.121481	0.212	0.142197	0.212	0.023007	0.212	0.025072	0.212	0.033206
		0.213	0.121829	0.213	0.14266	0.213	0.023028	0.213	0.02511	0.213	0.033254
		0.214	0.122181	0.214	0.143123	0.214	0.02305	0.214	0.025148	0.214	0.0333
		0.215	0.122534	0.215	0.143587	0.215	0.023067	0.215	0.025184	0.215	0.033345
		0.216	0.122883	0.216	0.144045	0.216	0.02309	0.216	0.025218	0.216	0.03339
		0.217	0.123231	0.217	0.144504	0.217	0.023111	0.217	0.025252	0.217	0.033434
		0.218	0.123578	0.218	0.144964	0.218	0.023131	0.218	0.02529	0.218	0.033478
		0.219	0.123923	0.219	0.145419	0.219	0.023151	0.219	0.025324	0.219	0.033524
		0.22	0.124272	0.22	0.145875	0.22	0.023171	0.22	0.025361	0.22	0.033567
		0.221	0.124618	0.221	0.146328	0.221	0.023191	0.221	0.025396	0.221	0.033611
		0.222	0.124961	0.222	0.14678	0.222	0.023212	0.222	0.02543	0.222	0.033654
		0.223	0.125305	0.223	0.147234	0.223	0.02323	0.223	0.025466	0.223	0.033699
		0.224	0.125644	0.224	0.147684	0.224	0.023252	0.224	0.025502	0.224	0.033739
		0.225	0.125983	0.225	0.148132	0.225	0.023272	0.225	0.025538	0.225	0.033784
		0.226	0.126323	0.226	0.148582	0.226	0.023291	0.226	0.025573	0.226	0.033826
		0.227	0.126662	0.227	0.149029	0.227	0.023311	0.227	0.025604	0.227	0.033872
		0.228	0.126996	0.228	0.149474	0.228	0.023331	0.228	0.025637	0.228	0.033913
		0.229	0.127334	0.229	0.149918	0.229	0.023348	0.229	0.025671	0.229	0.033955
		0.23	0.127664	0.23	0.15036	0.23	0.023366	0.23	0.025706	0.23	0.033996
		0.231	0.128001	0.231	0.150805	0.231	0.023386	0.231	0.025738	0.231	0.034038
		0.232	0.128335	0.232	0.151243	0.232	0.023404	0.232	0.025773	0.232	0.034079
		0.233	0.128666	0.233	0.151683	0.233	0.023424	0.233	0.025807	0.233	0.034121
		0.234	0.128996	0.234	0.152121	0.234	0.023442	0.234	0.025839	0.234	0.034161
		0.235	0.129325	0.235	0.15256	0.235	0.02346	0.235	0.025873	0.235	0.034203
		0.236	0.129651	0.236	0.152995	0.236	0.023477	0.236	0.025907	0.236	0.034243
		0.237	0.129979	0.237	0.153431	0.237	0.023495	0.237	0.025939	0.237	0.034284
		0.238	0.130304	0.238	0.153863	0.238	0.023515	0.238	0.02597	0.238	0.034322
		0.239	0.130635	0.239	0.154299	0.239	0.023533	0.239	0.026004	0.239	0.034362
		0.24	0.130957	0.24	0.154733	0.24	0.023551	0.24	0.026034	0.24	0.034402
		0.241	0.131282	0.241	0.155165	0.241	0.023568	0.241	0.026066	0.241	0.034441
		0.242	0.131605	0.242	0.15559	0.242	0.023586	0.242	0.026098	0.242	0.034481
		0.243	0.131924	0.243	0.156021	0.243	0.023606	0.243	0.026132	0.243	0.034519
		0.244	0.132247	0.244	0.156449	0.244	0.023619	0.244	0.026162	0.244	0.034558
		0.245	0.132564	0.245	0.156872	0.245	0.023636	0.245	0.026194	0.245	0.034597
		0.246	0.132884	0.246	0.157298	0.246	0.023654	0.246	0.026225	0.246	0.034635
		0.247	0.133201	0.247	0.157723	0.247	0.023671	0.247	0.026255	0.247	0.034675
		0.248	0.133514	0.248	0.158145	0.248	0.023691	0.248	0.026286	0.248	0.034711
		0.249	0.133829	0.249	0.158566	0.249	0.023706	0.249	0.026317	0.249	0.034749
		0.25	0.13415	0.25	0.158988	0.25	0.023722	0.25	0.026348	0.25	0.034788
		0.251	0.134462	0.251	0.159408	0.251	0.023738	0.251	0.026382	0.251	0.034826
		0.252	0.134775	0.252	0.159828	0.252	0.023756	0.252	0.026412	0.252	0.034862
		0.253	0.13509	0.253	0.160245	0.253	0.023771	0.253	0.026441	0.253	0.0349
		0.254	0.135398	0.254	0.160662	0.254	0.023789	0.254	0.026471	0.254	0.034935
		0.255	0.135707	0.255	0.161078	0.255	0.023806	0.255	0.0265	0.255	0.034973
		0.256	0.136015	0.256	0.161492	0.256	0.02382	0.256	0.026531	0.256	0.035008
		0.257	0.136328	0.257	0.161904	0.257	0.02384	0.257	0.02656	0.257	0.035044
		0.258	0.136634	0.258	0.162315	0.258	0.023853	0.258	0.026591	0.258	0.03508
		0.259	0.136939	0.259	0.162728	0.259	0.023868	0.259	0.026618	0.259	0.035119
		0.26	0.137244	0.26	0.163138	0.26	0.023885	0.26	0.02665	0.26	0.035154
		0.261	0.137547	0.261	0.163547	0.261	0.0239	0.261	0.02668	0.261	0.035189
		0.262	0.137853	0.262	0.163954	0.262	0.023914	0.262	0.026711	0.262	0.035223
		0.263	0.138154	0.263	0.164363	0.263	0.023932	0.263	0.026738	0.263	0.035258
		0.264	0.138459	0.264	0.164771	0.264	0.023946	0.264	0.026766	0.264	0.035294
		0.265	0.138757	0.265	0.165175	0.265	0.023961	0.265	0.026795	0.265	0.035329
		0.266	0.139056	0.266	0.165578	0.266	0.023978	0.266	0.026826	0.266	0.035364
		0.267	0.139357	0.267	0.165983	0.267	0.023992	0.267	0.026851	0.267	0.035399
		0.268	0.139654	0.268	0.166384	0.268	0.024006	0.268	0.026881	0.268	0.035433
		0.269	0.139955	0.269	0.166787	0.269	0.024021	0.269	0.026908	0.269	0.035467
		0.27	0.140249	0.27	0.167188	0.27	0.024039	0.27	0.026936	0.27	0.035502
		0.271	0.140547	0.271	0.167584	0.271	0.024052	0.271	0.026966	0.271	0.035537
		0.272	0.140843	0.272	0.167984	0.272	0.024067	0.272	0.026993	0.272	0.035572
		0.273	0.141141	0.273	0.168381	0.273	0.024083	0.273	0.027023	0.273	0.035604
		0.274	0.14143	0.274	0.168777	0.274	0.024096	0.274	0.027048	0.274	0.035636
		0.275	0.141719	0.275	0.169172	0.275	0.024113	0.275	0.027076	0.275	0.035671
		0.276	0.142008	0.276	0.169566	0.276	0.024124	0.276	0.027103	0.276	0.035703
		0.277	0.142302	0.277	0.169959	0.277	0.024139	0.277	0.027132	0.277	0.035736
		0.278	0.142594	0.278	0.170353	0.278	0.024151	0.278	0.027156	0.278	0.035769
		0.279	0.142885	0.279	0.170744	0.279	0.024169	0.279	0.027186	0.279	0.035801
		0.28	0.143168	0.28	0.171135	0.28	0.024182	0.28	0.027213	0.28	0.035834
		0.281	0.143459	0.281	0.171523	0.281	0.024195	0.281	0.027239	0.281	0.035866
		0.282	0.143744	0.282	0.171912	0.282	0.024208	0.282	0.027267	0.282	0.035896
		0.283	0.144029	0.283	0.172302	0.283	0.024223	0.283	0.027295	0.283	0.035929
		0.284	0.144313	0.284	0.172689	0.284	0.024238	0.284	0.02732	0.284	0.035961
		0.285	0.144601	0.285	0.173074	0.285	0.024248	0.285	0.027347	0.285	0.035992
		0.286	0.144883	0.286	0.173459	0.286	0.024265	0.286	0.027373	0.286	0.036024
		0.287	0.145166	0.287	0.173841	0.287	0.024279	0.287	0.0274	0.287	0.036057
		0.288	0.145447	0.288	0.174226	0.288	0.024293	0.288	0.027426	0.288	0.036087
		0.289	0.145727	0.289	0.174607	0.289	0.024304	0.289	0.027451	0.289	0.036119
		0.29	0.146009	0.29	0.174988	0.29	0.024318	0.29	0.027479	0.29	0.03615
		0.291	0.146288	0.291	0.17537	0.291	0.02433	0.291	0.027504	0.291	0.036181
		0.292	0.146566	0.292	0.17575	0.292	0.024345	0.292	0.027531	0.292	0.036212
		0.293	0.146844	0.293	0.176126	0.293	0.024358	0.293	0.027555	0.293	0.036243
		0.294	0.147124	0.294	0.176502	0.294	0.024371	0.294	0.027581	0.294	0.036273
		0.295	0.1474	0.295	0.176879	0.295	0.024383	0.295	0.027607	0.295	0.036303
		0.296	0.147673	0.296	0.177252	0.296	0.024395	0.296	0.027631	0.296	0.036334
		0.297	0.14795	0.297	0.17763	0.297	0.024411	0.297	0.027655	0.297	0.036364
		0.298	0.148224	0.298	0.178005	0.298	0.024422	0.298	0.027681	0.298	0.036395
		0.299	0.148496	0.299	0.178377	0.299	0.024436	0.299	0.027708	0.299	0.036424
		0.3	0.14877	0.3	0.178749	0.3	0.024448	0.3	0.027731	0.3	0.036453
		0.301	0.149042	0.301	0.179119	0.301	0.024461	0.301	0.027757	0.301	0.036483
		0.302	0.14931	0.302	0.179492	0.302	0.024474	0.302	0.02778	0.302	0.036511
		0.303	0.149582	0.303	0.17986	0.303	0.024485	0.303	0.027807	0.303	0.036542
		0.304	0.149852	0.304	0.180227	0.304	0.024498	0.304	0.027832	0.304	0.036572
		0.305	0.150121	0.305	0.180597	0.305	0.024509	0.305	0.027858	0.305	0.0366
		0.306	0.150387	0.306	0.180964	0.306	0.024522	0.306	0.02788	0.306	0.036628
		0.307	0.150655	0.307	0.18133	0.307	0.024534	0.307	0.027904	0.307	0.036657
		0.308	0.150923	0.308	0.181696	0.308	0.024546	0.308	0.027928	0.308	0.036686
		0.309	0.15119	0.309	0.182061	0.309	0.024559	0.309	0.027953	0.309	0.036714
		0.31	0.151454	0.31	0.182426	0.31	0.024571	0.31	0.027976	0.31	0.036741
		0.311	0.151716	0.311	0.182786	0.311	0.024584	0.311	0.028001	0.311	0.03677
		0.312	0.151983	0.312	0.18315	0.312	0.024596	0.312	0.028022	0.312	0.036798
		0.313	0.152246	0.313	0.18351	0.313	0.024608	0.313	0.028048	0.313	0.036826
		0.314	0.152511	0.314	0.183869	0.314	0.02462	0.314	0.028072	0.314	0.036853
		0.315	0.152769	0.315	0.184228	0.315	0.02463	0.315	0.028096	0.315	0.036881
		0.316	0.153031	0.316	0.184586	0.316	0.024642	0.316	0.02812	0.316	0.036909
		0.317	0.153292	0.317	0.184945	0.317	0.024654	0.317	0.028142	0.317	0.036937
		0.318	0.153549	0.318	0.185303	0.318	0.024666	0.318	0.028165	0.318	0.036966
		0.319	0.153808	0.319	0.185657	0.319	0.024678	0.319	0.028188	0.319	0.036992
		0.32	0.154069	0.32	0.186014	0.32	0.024688	0.32	0.028211	0.32	0.03702
		0.321	0.154327	0.321	0.186368	0.321	0.024699	0.321	0.028235	0.321	0.037048
		0.322	0.154583	0.322	0.186721	0.322	0.024712	0.322	0.028257	0.322	0.037075
		0.323	0.154839	0.323	0.187077	0.323	0.024721	0.323	0.02828	0.323	0.0371
		0.324	0.155095	0.324	0.187426	0.324	0.024733	0.324	0.028303	0.324	0.037127
		0.325	0.15535	0.325	0.187777	0.325	0.024744	0.325	0.028325	0.325	0.037153
		0.326	0.155605	0.326	0.188127	0.326	0.024754	0.326	0.028349	0.326	0.03718
		0.327	0.155858	0.327	0.188477	0.327	0.024767	0.327	0.028371	0.327	0.037206
		0.328	0.156112	0.328	0.188825	0.328	0.024779	0.328	0.028393	0.328	0.037232
		0.329	0.156366	0.329	0.189174	0.329	0.024789	0.329	0.028415	0.329	0.037258
		0.33	0.156614	0.33	0.189519	0.33	0.0248	0.33	0.02844	0.33	0.037284
		0.331	0.156867	0.331	0.189866	0.331	0.02481	0.331	0.028459	0.331	0.037312
		0.332	0.157117	0.332	0.190214	0.332	0.02482	0.332	0.028483	0.332	0.037336
		0.333	0.157365	0.333	0.190557	0.333	0.024834	0.333	0.028506	0.333	0.037364
		0.334	0.157617	0.334	0.190902	0.334	0.024842	0.334	0.028528	0.334	0.037388
		0.335	0.15786	0.335	0.191244	0.335	0.024852	0.335	0.02855	0.335	0.037414
		0.336	0.158108	0.336	0.191585	0.336	0.024863	0.336	0.02857	0.336	0.037438
		0.337	0.158356	0.337	0.191928	0.337	0.024874	0.337	0.028592	0.337	0.037464
		0.338	0.158604	0.338	0.192273	0.338	0.024885	0.338	0.028615	0.338	0.037491
		0.339	0.158847	0.339	0.192612	0.339	0.024896	0.339	0.028636	0.339	0.037516
		0.34	0.159094	0.34	0.192952	0.34	0.024907	0.34	0.028657	0.34	0.03754
		0.341	0.159337	0.341	0.19329	0.341	0.024918	0.341	0.028676	0.341	0.037563
		0.342	0.159583	0.342	0.193627	0.342	0.024927	0.342	0.028699	0.342	0.037589
		0.343	0.159826	0.343	0.193963	0.343	0.024937	0.343	0.02872	0.343	0.037613
		0.344	0.160068	0.344	0.194302	0.344	0.024948	0.344	0.028743	0.344	0.037639
		0.345	0.160311	0.345	0.194637	0.345	0.024958	0.345	0.028763	0.345	0.037663
		0.346	0.160552	0.346	0.194972	0.346	0.024968	0.346	0.028784	0.346	0.037686
		0.347	0.160793	0.347	0.195306	0.347	0.024977	0.347	0.028805	0.347	0.037711
		0.348	0.161036	0.348	0.19564	0.348	0.024988	0.348	0.028827	0.348	0.037735
		0.349	0.161275	0.349	0.195971	0.349	0.024997	0.349	0.028845	0.349	0.037759
		0.35	0.161514	0.35	0.196304	0.35	0.025007	0.35	0.028868	0.35	0.037784
		0.351	0.161752	0.351	0.196633	0.351	0.025017	0.351	0.028889	0.351	0.037807
		0.352	0.161989	0.352	0.196967	0.352	0.025026	0.352	0.02891	0.352	0.037831
		0.353	0.162227	0.353	0.197296	0.353	0.025037	0.353	0.02893	0.353	0.037857
		0.354	0.16246	0.354	0.197624	0.354	0.025047	0.354	0.028951	0.354	0.037879
		0.355	0.162698	0.355	0.197952	0.355	0.025056	0.355	0.02897	0.355	0.037903
		0.356	0.162932	0.356	0.198282	0.356	0.025065	0.356	0.028992	0.356	0.037927
		0.357	0.16317	0.357	0.198608	0.357	0.025074	0.357	0.029012	0.357	0.037949
		0.358	0.163405	0.358	0.198933	0.358	0.025086	0.358	0.029032	0.358	0.037973
		0.359	0.163637	0.359	0.199258	0.359	0.025097	0.359	0.029053	0.359	0.037995
		0.36	0.163869	0.36	0.199582	0.36	0.025104	0.36	0.029072	0.36	0.03802
		0.361	0.164102	0.361	0.199907	0.361	0.025113	0.361	0.029092	0.361	0.038042
		0.362	0.164334	0.362	0.200232	0.362	0.025125	0.362	0.029112	0.362	0.038065
		0.363	0.164564	0.363	0.200552	0.363	0.025135	0.363	0.029131	0.363	0.038087
		0.364	0.164799	0.364	0.200876	0.364	0.025144	0.364	0.029152	0.364	0.03811
		0.365	0.165027	0.365	0.201196	0.365	0.025152	0.365	0.029172	0.365	0.038134
		0.366	0.165257	0.366	0.201517	0.366	0.02516	0.366	0.029192	0.366	0.038157
		0.367	0.165485	0.367	0.201836	0.367	0.025171	0.367	0.029212	0.367	0.038178
		0.368	0.165713	0.368	0.202157	0.368	0.02518	0.368	0.029228	0.368	0.0382
		0.369	0.16594	0.369	0.202475	0.369	0.02519	0.369	0.02925	0.369	0.038223
		0.37	0.166167	0.37	0.202795	0.37	0.025198	0.37	0.029268	0.37	0.038245
		0.371	0.166394	0.371	0.203111	0.371	0.025207	0.371	0.029287	0.371	0.038267
		0.372	0.166621	0.372	0.203428	0.372	0.025217	0.372	0.029307	0.372	0.038288
		0.373	0.166845	0.373	0.203744	0.373	0.025225	0.373	0.029327	0.373	0.038309
		0.374	0.16707	0.374	0.204058	0.374	0.025234	0.374	0.029345	0.374	0.038332
		0.375	0.167297	0.375	0.204373	0.375	0.025243	0.375	0.029365	0.375	0.038354
		0.376	0.16752	0.376	0.204687	0.376	0.025251	0.376	0.029384	0.376	0.038375
		0.377	0.167744	0.377	0.204999	0.377	0.025261	0.377	0.0294	0.377	0.038397
		0.378	0.167968	0.378	0.205314	0.378	0.025269	0.378	0.02942	0.378	0.038418
		0.379	0.168192	0.379	0.205625	0.379	0.025278	0.379	0.02944	0.379	0.038441
		0.38	0.16841	0.38	0.205934	0.38	0.025287	0.38	0.029459	0.38	0.038461
		0.381	0.168633	0.381	0.206244	0.381	0.025295	0.381	0.029478	0.381	0.038483
		0.382	0.168854	0.382	0.206555	0.382	0.025303	0.382	0.029495	0.382	0.038505
		0.383	0.169077	0.383	0.206864	0.383	0.025311	0.383	0.029516	0.383	0.038526
		0.384	0.169295	0.384	0.207171	0.384	0.025321	0.384	0.029534	0.384	0.038547
		0.385	0.169511	0.385	0.207481	0.385	0.025329	0.385	0.029554	0.385	0.038567
		0.386	0.16973	0.386	0.207787	0.386	0.025337	0.386	0.029571	0.386	0.03859
		0.387	0.16995	0.387	0.208094	0.387	0.025346	0.387	0.029588	0.387	0.03861
		0.388	0.17017	0.388	0.2084	0.388	0.025353	0.388	0.029606	0.388	0.038631
		0.389	0.170384	0.389	0.208707	0.389	0.025364	0.389	0.029626	0.389	0.038651
		0.39	0.170602	0.39	0.209011	0.39	0.025373	0.39	0.029644	0.39	0.038671
		0.391	0.170818	0.391	0.209314	0.391	0.025381	0.391	0.029661	0.391	0.038693
		0.392	0.171033	0.392	0.209617	0.392	0.025388	0.392	0.029681	0.392	0.038712
		0.393	0.171247	0.393	0.209919	0.393	0.025398	0.393	0.029697	0.393	0.038733
		0.394	0.171461	0.394	0.21022	0.394	0.025406	0.394	0.029716	0.394	0.038753
		0.395	0.171674	0.395	0.210521	0.395	0.025414	0.395	0.029733	0.395	0.038774
		0.396	0.171888	0.396	0.210822	0.396	0.02542	0.396	0.029752	0.396	0.038794
		0.397	0.172102	0.397	0.211125	0.397	0.02543	0.397	0.029767	0.397	0.038814
		0.398	0.172314	0.398	0.211423	0.398	0.025438	0.398	0.029787	0.398	0.038834
		0.399	0.172526	0.399	0.211724	0.399	0.025446	0.399	0.029803	0.399	0.038854
		0.4	0.172739	0.4	0.212021	0.4	0.025455	0.4	0.029822	0.4	0.038874
		0.401	0.172951	0.401	0.212318	0.401	0.025462	0.401	0.029837	0.401	0.038894
		0.402	0.173162	0.402	0.212614	0.402	0.025469	0.402	0.029855	0.402	0.038913
		0.403	0.173372	0.403	0.212913	0.403	0.02548	0.403	0.029874	0.403	0.038932
		0.404	0.173579	0.404	0.213209	0.404	0.025487	0.404	0.029891	0.404	0.038951
		0.405	0.173791	0.405	0.213504	0.405	0.025495	0.405	0.029908	0.405	0.038971
		0.406	0.173997	0.406	0.213798	0.406	0.025502	0.406	0.029923	0.406	0.038992
		0.407	0.174205	0.407	0.214093	0.407	0.02551	0.407	0.029941	0.407	0.03901
		0.408	0.174412	0.408	0.214385	0.408	0.025517	0.408	0.02996	0.408	0.039029
		0.409	0.174619	0.409	0.214678	0.409	0.025524	0.409	0.029977	0.409	0.039048
		0.41	0.174827	0.41	0.21497	0.41	0.025533	0.41	0.029995	0.41	0.039068
		0.411	0.175033	0.411	0.215262	0.411	0.02554	0.411	0.030012	0.411	0.039087
		0.412	0.175239	0.412	0.215553	0.412	0.025546	0.412	0.030028	0.412	0.039105
		0.413	0.17544	0.413	0.215844	0.413	0.025557	0.413	0.030047	0.413	0.039125
		0.414	0.175647	0.414	0.216134	0.414	0.025563	0.414	0.030064	0.414	0.039143
		0.415	0.175852	0.415	0.216422	0.415	0.025571	0.415	0.030081	0.415	0.039163
		0.416	0.176055	0.416	0.216711	0.416	0.025578	0.416	0.030096	0.416	0.039181
		0.417	0.176259	0.417	0.217	0.417	0.025585	0.417	0.030111	0.417	0.0392
		0.418	0.17646	0.418	0.217286	0.418	0.025592	0.418	0.030129	0.418	0.039219
		0.419	0.17666	0.419	0.217573	0.419	0.025602	0.419	0.030145	0.419	0.039237
		0.42	0.176865	0.42	0.217859	0.42	0.025608	0.42	0.030162	0.42	0.039255
		0.421	0.177067	0.421	0.218145	0.421	0.025617	0.421	0.030179	0.421	0.039275
		0.422	0.17727	0.422	0.21843	0.422	0.025624	0.422	0.030194	0.422	0.039293
		0.423	0.177467	0.423	0.218715	0.423	0.025631	0.423	0.030211	0.423	0.039312
		0.424	0.17767	0.424	0.218999	0.424	0.025638	0.424	0.030229	0.424	0.03933
		0.425	0.177867	0.425	0.219283	0.425	0.025647	0.425	0.030244	0.425	0.039348
		0.426	0.17807	0.426	0.219563	0.426	0.025654	0.426	0.03026	0.426	0.039367
		0.427	0.178266	0.427	0.219848	0.427	0.025661	0.427	0.030275	0.427	0.039385
		0.428	0.178463	0.428	0.22013	0.428	0.025666	0.428	0.030291	0.428	0.039402
		0.429	0.17866	0.429	0.220412	0.429	0.025675	0.429	0.030309	0.429	0.03942
		0.43	0.17886	0.43	0.220691	0.43	0.025682	0.43	0.030327	0.43	0.039437
		0.431	0.179053	0.431	0.220972	0.431	0.025689	0.431	0.030342	0.431	0.039455
		0.432	0.179252	0.432	0.221249	0.432	0.025696	0.432	0.030356	0.432	0.039474
		0.433	0.179447	0.433	0.221528	0.433	0.025703	0.433	0.030372	0.433	0.039492
		0.434	0.17964	0.434	0.221807	0.434	0.02571	0.434	0.030387	0.434	0.039508
		0.435	0.179837	0.435	0.222086	0.435	0.025716	0.435	0.030403	0.435	0.039526
		0.436	0.180033	0.436	0.222363	0.436	0.025722	0.436	0.030419	0.436	0.039542
		0.437	0.180227	0.437	0.222641	0.437	0.02573	0.437	0.030434	0.437	0.03956
		0.438	0.18042	0.438	0.222918	0.438	0.025737	0.438	0.030449	0.438	0.039578
		0.439	0.180616	0.439	0.223191	0.439	0.025746	0.439	0.030465	0.439	0.039595
		0.44	0.180807	0.44	0.223466	0.44	0.025751	0.44	0.030481	0.44	0.039613
		0.441	0.180998	0.441	0.223743	0.441	0.025758	0.441	0.030497	0.441	0.03963
		0.442	0.18119	0.442	0.224016	0.442	0.025765	0.442	0.030513	0.442	0.039647
		0.443	0.181382	0.443	0.224289	0.443	0.025771	0.443	0.030529	0.443	0.039664
		0.444	0.181577	0.444	0.22456	0.444	0.025779	0.444	0.030543	0.444	0.039681
		0.445	0.181767	0.445	0.224832	0.445	0.025786	0.445	0.030558	0.445	0.039697
		0.446	0.181954	0.446	0.225105	0.446	0.025793	0.446	0.030574	0.446	0.039715
		0.447	0.182147	0.447	0.225378	0.447	0.025798	0.447	0.03059	0.447	0.039732
		0.448	0.182337	0.448	0.22565	0.448	0.025805	0.448	0.030605	0.448	0.039749
		0.449	0.182525	0.449	0.225919	0.449	0.025813	0.449	0.030622	0.449	0.039766
		0.45	0.182713	0.45	0.226188	0.45	0.025819	0.45	0.030635	0.45	0.039782
		0.451	0.182901	0.451	0.226458	0.451	0.025825	0.451	0.030651	0.451	0.039799
		0.452	0.183087	0.452	0.226726	0.452	0.025833	0.452	0.030665	0.452	0.039816
		0.453	0.183275	0.453	0.226993	0.453	0.025839	0.453	0.030682	0.453	0.039832
		0.454	0.183462	0.454	0.227262	0.454	0.025845	0.454	0.030696	0.454	0.039849
		0.455	0.183649	0.455	0.227528	0.455	0.025853	0.455	0.03071	0.455	0.039865
		0.456	0.183836	0.456	0.227795	0.456	0.025857	0.456	0.030725	0.456	0.039882
		0.457	0.184021	0.457	0.228061	0.457	0.025865	0.457	0.03074	0.457	0.039898
		0.458	0.184205	0.458	0.228326	0.458	0.025872	0.458	0.030755	0.458	0.039913
		0.459	0.184392	0.459	0.228591	0.459	0.025879	0.459	0.030769	0.459	0.03993
		0.46	0.184575	0.46	0.228856	0.46	0.025884	0.46	0.030785	0.46	0.039946
		0.461	0.18476	0.461	0.229121	0.461	0.025891	0.461	0.030799	0.461	0.039964
		0.462	0.184943	0.462	0.229383	0.462	0.025898	0.462	0.030814	0.462	0.039979
		0.463	0.185126	0.463	0.229648	0.463	0.025904	0.463	0.030827	0.463	0.039996
		0.464	0.18531	0.464	0.229908	0.464	0.025909	0.464	0.030841	0.464	0.040011
		0.465	0.185488	0.465	0.230169	0.465	0.025917	0.465	0.030857	0.465	0.040026
		0.466	0.185674	0.466	0.23043	0.466	0.025922	0.466	0.030871	0.466	0.040042
		0.467	0.185853	0.467	0.230694	0.467	0.02593	0.467	0.030885	0.467	0.040058
		0.468	0.186036	0.468	0.230954	0.468	0.025935	0.468	0.0309	0.468	0.040073
		0.469	0.186218	0.469	0.231213	0.469	0.025941	0.469	0.030912	0.469	0.04009
		0.47	0.1864	0.47	0.231471	0.47	0.025948	0.47	0.03093	0.47	0.040105
		0.471	0.186577	0.471	0.231731	0.471	0.025954	0.471	0.030943	0.471	0.04012
		0.472	0.186759	0.472	0.231989	0.472	0.025961	0.472	0.030957	0.472	0.040137
		0.473	0.186938	0.473	0.232247	0.473	0.025966	0.473	0.03097	0.473	0.040152
		0.474	0.187116	0.474	0.232505	0.474	0.025972	0.474	0.030983	0.474	0.040167
		0.475	0.187294	0.475	0.232762	0.475	0.025978	0.475	0.031	0.475	0.040182
		0.476	0.187471	0.476	0.233018	0.476	0.025984	0.476	0.031014	0.476	0.040198
		0.477	0.18765	0.477	0.233274	0.477	0.02599	0.477	0.031026	0.477	0.040213
		0.478	0.187829	0.478	0.233529	0.478	0.025996	0.478	0.031041	0.478	0.040228
		0.479	0.188003	0.479	0.233784	0.479	0.026002	0.479	0.031055	0.479	0.040243
		0.48	0.188182	0.48	0.234041	0.48	0.026008	0.48	0.03107	0.48	0.040259
		0.481	0.188357	0.481	0.234292	0.481	0.026015	0.481	0.031083	0.481	0.040274
		0.482	0.188533	0.482	0.234547	0.482	0.02602	0.482	0.031096	0.482	0.040289
		0.483	0.188707	0.483	0.234801	0.483	0.026025	0.483	0.03111	0.483	0.040304
		0.484	0.188882	0.484	0.235052	0.484	0.026031	0.484	0.031124	0.484	0.040319
		0.485	0.18906	0.485	0.235305	0.485	0.026039	0.485	0.031138	0.485	0.040335
		0.486	0.189232	0.486	0.235555	0.486	0.026043	0.486	0.031152	0.486	0.040349
		0.487	0.189406	0.487	0.235807	0.487	0.026049	0.487	0.031167	0.487	0.040364
		0.488	0.189582	0.488	0.236059	0.488	0.026056	0.488	0.03118	0.488	0.040379
		0.489	0.189756	0.489	0.236308	0.489	0.026062	0.489	0.031194	0.489	0.040393
		0.49	0.189926	0.49	0.236558	0.49	0.026067	0.49	0.031206	0.49	0.040408
		0.491	0.190101	0.491	0.236807	0.491	0.026073	0.491	0.031219	0.491	0.040423
		0.492	0.190273	0.492	0.237056	0.492	0.026077	0.492	0.031233	0.492	0.040438
		0.493	0.190442	0.493	0.237305	0.493	0.026084	0.493	0.031247	0.493	0.040452
		0.494	0.190615	0.494	0.237551	0.494	0.02609	0.494	0.03126	0.494	0.040467
		0.495	0.190784	0.495	0.237799	0.495	0.026096	0.495	0.031274	0.495	0.040481
		0.496	0.190953	0.496	0.238047	0.496	0.0261	0.496	0.031288	0.496	0.040495
		0.497	0.191128	0.497	0.238293	0.497	0.026108	0.497	0.031299	0.497	0.040509
		0.498	0.191297	0.498	0.23854	0.498	0.026114	0.498	0.031312	0.498	0.040523
		0.499	0.191465	0.499	0.238784	0.499	0.026119	0.499	0.031327	0.499	0.040538
		0.5	0.191635	0.5	0.23903	0.5	0.026124	0.5	0.03134	0.5	0.040553
		0.501	0.191805	0.501	0.239274	0.501	0.026129	0.501	0.031354	0.501	0.040567
		0.502	0.191975	0.502	0.239518	0.502	0.026136	0.502	0.031366	0.502	0.040581
		0.503	0.19214	0.503	0.239761	0.503	0.026139	0.503	0.031379	0.503	0.040595
		0.504	0.192309	0.504	0.240005	0.504	0.026146	0.504	0.031391	0.504	0.040609
		0.505	0.192477	0.505	0.240247	0.505	0.026151	0.505	0.031404	0.505	0.040623
		0.506	0.192644	0.506	0.240491	0.506	0.026157	0.506	0.031419	0.506	0.040637
		0.507	0.192812	0.507	0.240731	0.507	0.026164	0.507	0.031431	0.507	0.040651
		0.508	0.192979	0.508	0.240973	0.508	0.026169	0.508	0.031444	0.508	0.040665
		0.509	0.193142	0.509	0.241216	0.509	0.026175	0.509	0.031456	0.509	0.040679
		0.51	0.193309	0.51	0.241455	0.51	0.026179	0.51	0.03147	0.51	0.040693
		0.511	0.193474	0.511	0.241695	0.511	0.026185	0.511	0.031481	0.511	0.040706
		0.512	0.193641	0.512	0.241934	0.512	0.026189	0.512	0.031494	0.512	0.04072
		0.513	0.193805	0.513	0.242174	0.513	0.026196	0.513	0.031506	0.513	0.040734
		0.514	0.19397	0.514	0.242413	0.514	0.026201	0.514	0.031519	0.514	0.040748
		0.515	0.194133	0.515	0.242652	0.515	0.026206	0.515	0.031532	0.515	0.040761
		0.516	0.194296	0.516	0.24289	0.516	0.02621	0.516	0.031545	0.516	0.040775
		0.517	0.194458	0.517	0.243125	0.517	0.026216	0.517	0.031556	0.517	0.040788
		0.518	0.194623	0.518	0.243362	0.518	0.026222	0.518	0.031571	0.518	0.040802
		0.519	0.194786	0.519	0.243601	0.519	0.026227	0.519	0.031583	0.519	0.040815
		0.52	0.194949	0.52	0.243837	0.52	0.026232	0.52	0.031594	0.52	0.040829
		0.521	0.195111	0.521	0.244071	0.521	0.026238	0.521	0.031606	0.521	0.040842
		0.522	0.195272	0.522	0.244306	0.522	0.026242	0.522	0.031621	0.522	0.040856
		0.523	0.195432	0.523	0.244544	0.523	0.026248	0.523	0.031632	0.523	0.040869
		0.524	0.195594	0.524	0.244778	0.524	0.026254	0.524	0.031646	0.524	0.040882
		0.525	0.195754	0.525	0.245011	0.525	0.026259	0.525	0.031658	0.525	0.040896
		0.526	0.195914	0.526	0.245248	0.526	0.026263	0.526	0.03167	0.526	0.040909
		0.527	0.196073	0.527	0.24548	0.527	0.026269	0.527	0.031681	0.527	0.040921
		0.528	0.196234	0.528	0.245712	0.528	0.026273	0.528	0.031693	0.528	0.040934
		0.529	0.196393	0.529	0.245943	0.529	0.026278	0.529	0.031704	0.529	0.040947
		0.53	0.196552	0.53	0.246176	0.53	0.026284	0.53	0.031717	0.53	0.04096
		0.531	0.196714	0.531	0.246408	0.531	0.026288	0.531	0.03173	0.531	0.040973
		0.532	0.19687	0.532	0.246639	0.532	0.026294	0.532	0.031743
		0.533	0.197031	0.533	0.246869	0.533	0.026299	0.533	0.031754
		0.534	0.197188	0.534	0.2471	0.534	0.026303	0.534	0.031767
		0.535	0.197343	0.535	0.247329	0.535	0.026308	0.535	0.031779
		0.536	0.197501	0.536	0.247556	0.536	0.026313	0.536	0.031791
		0.537	0.197658	0.537	0.247788	0.537	0.026319	0.537	0.031803
		0.538	0.197815	0.538	0.248015	0.538	0.026324	0.538	0.031814
		0.539	0.197972	0.539	0.248244	0.539	0.026329	0.539	0.031826
		0.54	0.198128	0.54	0.248473	0.54	0.026335	0.54	0.031838
		0.541	0.198284	0.541	0.2487	0.541	0.02634	0.541	0.03185
		0.542	0.198437	0.542	0.248928	0.542	0.026344	0.542	0.031862
		0.543	0.198594	0.543	0.249153	0.543	0.026349	0.543	0.031873
		0.544	0.198747	0.544	0.249379	0.544	0.026353	0.544	0.031886
		0.545	0.198903	0.545	0.249606	0.545	0.026359	0.545	0.031898
		0.546	0.199056	0.546	0.249831	0.546	0.026364	0.546	0.03191
		0.547	0.199209	0.547	0.250056	0.547	0.026368	0.547	0.031922
		0.548	0.199365	0.548	0.250281	0.548	0.026373	0.548	0.031932
		0.549	0.199515	0.549	0.250504	0.549	0.026378	0.549	0.031944
		0.55	0.199668	0.55	0.250727	0.55	0.026382	0.55	0.031955
		0.551	0.199822	0.551	0.250952	0.551	0.026387	0.551	0.031966
		0.552	0.199973	0.552	0.251175	0.552	0.026392	0.552	0.031978
		0.553	0.200125	0.553	0.251397	0.553	0.026397	0.553	0.031991
		0.554	0.200278	0.554	0.25162	0.554	0.026401	0.554	0.032001
		0.555	0.200427	0.555	0.251842	0.555	0.026407	0.555	0.032012
		0.556	0.200578	0.556	0.252062	0.556	0.026411	0.556	0.032024
		0.557	0.200728	0.557	0.252284	0.557	0.026415	0.557	0.032035
		0.558	0.200883	0.558	0.252505	0.558	0.026421	0.558	0.032045
		0.559	0.201029	0.559	0.252725	0.559	0.026426	0.559	0.032059
		0.56	0.20118	0.56	0.252944	0.56	0.02643	0.56	0.03207
		0.561	0.201328	0.561	0.253163	0.561	0.026433	0.561	0.03208
		0.562	0.201478	0.562	0.253382	0.562	0.026441	0.562	0.032092
		0.563	0.201627	0.563	0.253601	0.563	0.026445	0.563	0.032104
		0.564	0.201775	0.564	0.253819	0.564	0.026448	0.564	0.032113
		0.565	0.201921	0.565	0.254038	0.565	0.026453	0.565	0.032125
		0.566	0.202069	0.566	0.254256	0.566	0.026458	0.566	0.032137
		0.567	0.202219	0.567	0.254472	0.567	0.026462	0.567	0.032147
		0.568	0.202367	0.568	0.254688	0.568	0.026466	0.568	0.032158
		0.569	0.202515	0.569	0.254905	0.569	0.026471	0.569	0.032169
		0.57	0.202662	0.57	0.255121	0.57	0.026475	0.57	0.03218
		0.571	0.202807	0.571	0.255336	0.571	0.026479	0.571	0.03219
		0.572	0.202953	0.572	0.255553	0.572	0.026485	0.572	0.032202
		0.573	0.2031	0.573	0.255766	0.573	0.02649	0.573	0.032213
		0.574	0.203245	0.574	0.255982	0.574	0.026493	0.574	0.032224
		0.575	0.203389	0.575	0.256197	0.575	0.026499	0.575	0.032235
		0.576	0.203537	0.576	0.25641	0.576	0.026503	0.576	0.032244
		0.577	0.203681	0.577	0.256622	0.577	0.026507	0.577	0.032257
		0.578	0.203827	0.578	0.256836	0.578	0.02651	0.578	0.032267
		0.579	0.203971	0.579	0.257051	0.579	0.026516	0.579	0.032279
		0.58	0.204113	0.58	0.257263	0.58	0.026519	0.58	0.032289
		0.581	0.204257	0.581	0.257473	0.581	0.026524	0.581	0.032301
		0.582	0.204401	0.582	0.257686	0.582	0.026528	0.582	0.032312
		0.583	0.204543	0.583	0.257896	0.583	0.026532	0.583	0.032323
		0.584	0.204684	0.584	0.258108	0.584	0.026537	0.584	0.032333
		0.585	0.204826	0.585	0.258319	0.585	0.026542	0.585	0.032343
		0.586	0.204971	0.586	0.258528	0.586	0.026547	0.586	0.032353
		0.587	0.205112	0.587	0.258737	0.587	0.02655	0.587	0.032364
		0.588	0.205254	0.588	0.258946	0.588	0.026555	0.588	0.032373
		0.589	0.205396	0.589	0.259156	0.589	0.026559	0.589	0.032385
		0.59	0.205539	0.59	0.259365	0.59	0.026563	0.59	0.032397
		0.591	0.205678	0.591	0.259573	0.591	0.026568	0.591	0.032406
		0.592	0.205818	0.592	0.25978	0.592	0.026573	0.592	0.032417
		0.593	0.20596	0.593	0.259988	0.593	0.026576	0.593	0.032426
		0.594	0.2061	0.594	0.260195	0.594	0.02658	0.594	0.032438
		0.595	0.206238	0.595	0.260402	0.595	0.026585	0.595	0.032447
		0.596	0.206378	0.596	0.26061	0.596	0.026589	0.596	0.032456
		0.597	0.206519	0.597	0.260816	0.597	0.026593	0.597	0.032467
		0.598	0.206654	0.598	0.261022	0.598	0.026598	0.598	0.032477
		0.599	0.206795	0.599	0.261226	0.599	0.026601	0.599	0.032488
		0.6	0.206934	0.6	0.261432	0.6	0.026605	0.6	0.0325
		0.601	0.207074	0.601	0.261636	0.601	0.026611	0.601	0.032509
		0.602	0.20721	0.602	0.261842	0.602	0.026614	0.602	0.032521
		0.603	0.207349	0.603	0.262045	0.603	0.026618	0.603	0.03253
		0.604	0.207484	0.604	0.262249	0.604	0.026621	0.604	0.032539
		0.605	0.207622	0.605	0.262453	0.605	0.026627	0.605	0.032549
		0.606	0.207758	0.606	0.262655	0.606	0.026631	0.606	0.03256
		0.607	0.207896	0.607	0.262858	0.607	0.026635	0.607	0.03257
		0.608	0.208031	0.608	0.263061	0.608	0.026639	0.608	0.03258
		0.609	0.208168	0.609	0.263261	0.609	0.026642	0.609	0.03259
		0.61	0.208306	0.61	0.263466	0.61	0.026646	0.61	0.032599
		0.611	0.208442	0.611	0.263666	0.611	0.02665	0.611	0.032611
		0.612	0.208576	0.612	0.263866	0.612	0.026654	0.612	0.032621
		0.613	0.208713	0.613	0.264067	0.613	0.026658	0.613	0.032631
		0.614	0.208847	0.614	0.264267	0.614	0.026663	0.614	0.032639
		0.615	0.208982	0.615	0.264468	0.615	0.026666	0.615	0.03265
		0.616	0.209117	0.616	0.264666	0.616	0.02667	0.616	0.03266
		0.617	0.20925	0.617	0.264868	0.617	0.026674	0.617	0.03267
		0.618	0.209381	0.618	0.265067	0.618	0.026678	0.618	0.032679
		0.619	0.209517	0.619	0.265264	0.619	0.026682	0.619	0.032689
		0.62	0.20965	0.62	0.265463	0.62	0.026686	0.62	0.032698
		0.621	0.209785	0.621	0.26566	0.621	0.026691	0.621	0.032709
		0.622	0.209918	0.622	0.265858	0.622	0.026695	0.622	0.032718
		0.623	0.210049	0.623	0.266057	0.623	0.026698	0.623	0.032728
		0.624	0.210181	0.624	0.266252	0.624	0.026703	0.624	0.032737
		0.625	0.210312	0.625	0.266448	0.625	0.026706	0.625	0.032747
		0.626	0.210445	0.626	0.266646	0.626	0.026709	0.626	0.032757
		0.627	0.210576	0.627	0.266841	0.627	0.026714	0.627	0.032767
		0.628	0.210708	0.628	0.267038	0.628	0.026718	0.628	0.032777
		0.629	0.210838	0.629	0.267233	0.629	0.026721	0.629	0.032787
		0.63	0.210972	0.63	0.26743	0.63	0.026726	0.63	0.032796
		0.631	0.211101	0.631	0.267623	0.631	0.026729	0.631	0.032805
		0.632	0.211231	0.632	0.267818	0.632	0.026733	0.632	0.032815
		0.633	0.211362	0.633	0.268012	0.633	0.026736	0.633	0.032824
		0.634	0.211492	0.634	0.268205	0.634	0.02674	0.634	0.032833
		0.635	0.211622	0.635	0.268398	0.635	0.026744	0.635	0.032843
		0.636	0.21175	0.636	0.268594	0.636	0.026747	0.636	0.032852
		0.637	0.211878	0.637	0.268786	0.637	0.026752	0.637	0.032862
		0.638	0.212007	0.638	0.268979	0.638	0.026756	0.638	0.032873
		0.639	0.212137	0.639	0.26917	0.639	0.026759	0.639	0.032881
		0.64	0.212266	0.64	0.269361	0.64	0.026763	0.64	0.032891
		0.641	0.212393	0.641	0.269552	0.641	0.026767	0.641	0.0329
		0.642	0.212521	0.642	0.269745	0.642	0.02677	0.642	0.032908
		0.643	0.21265	0.643	0.269937	0.643	0.026774	0.643	0.032918
		0.644	0.212778	0.644	0.270127	0.644	0.026778	0.644	0.032928
		0.645	0.212906	0.645	0.270317	0.645	0.02678	0.645	0.032939
		0.646	0.213032	0.646	0.270507	0.646	0.026783	0.646	0.032947
		0.647	0.213157	0.647	0.270696	0.647	0.026789	0.647	0.032956
		0.648	0.213287	0.648	0.270886	0.648	0.026792	0.648	0.032966
		0.649	0.213411	0.649	0.271075	0.649	0.026795	0.649	0.032974
		0.65	0.213537	0.65	0.271264	0.65	0.026799	0.65	0.032984
		0.651	0.213663	0.651	0.271452	0.651	0.026803	0.651	0.032993
		0.652	0.213791	0.652	0.27164	0.652	0.026807	0.652	0.033001
		0.653	0.213914	0.653	0.271826	0.653	0.026811	0.653	0.033011
		0.654	0.214039	0.654	0.272015	0.654	0.026815	0.654	0.033019
		0.655	0.214165	0.655	0.272202	0.655	0.026818	0.655	0.033029
		0.656	0.214288	0.656	0.27239	0.656	0.026822	0.656	0.033038
		0.657	0.214414	0.657	0.272576	0.657	0.026825	0.657	0.033046
		0.658	0.214538	0.658	0.272761	0.658	0.026829	0.658	0.033056
		0.659	0.214661	0.659	0.27295	0.659	0.026832	0.659	0.033064
		0.66	0.214788	0.66	0.273134	0.66	0.026836	0.66	0.033074
		0.661	0.214909	0.661	0.273319	0.661	0.02684	0.661	0.033083
		0.662	0.215032	0.662	0.273506	0.662	0.026843	0.662	0.033091
		0.663	0.215156	0.663	0.27369	0.663	0.026847	0.663	0.0331
		0.664	0.21528	0.664	0.273874	0.664	0.026849	0.664	0.033109
		0.665	0.2154	0.665	0.274058	0.665	0.026853	0.665	0.033118
		0.666	0.215524	0.666	0.274242	0.666	0.026857	0.666	0.033127
		0.667	0.215647	0.667	0.274425	0.667	0.02686	0.667	0.033137
		0.668	0.215768	0.668	0.274609	0.668	0.026863	0.668	0.033145
		0.669	0.215889	0.669	0.274792	0.669	0.026868	0.669	0.033155
		0.67	0.216011	0.67	0.274976	0.67	0.026871	0.67	0.033162
		0.671	0.216131	0.671	0.275158	0.671	0.026873	0.671	0.033171
		0.672	0.216251	0.672	0.275339	0.672	0.026877	0.672	0.033179
		0.673	0.216374	0.673	0.275522	0.673	0.026882	0.673	0.033189
		0.674	0.216496	0.674	0.275703	0.674	0.026885	0.674	0.033197
		0.675	0.216617	0.675	0.275885	0.675	0.026888	0.675	0.033206
		0.676	0.216736	0.676	0.276066	0.676	0.026891	0.676	0.033215
		0.677	0.216856	0.677	0.276246	0.677	0.026895	0.677	0.033223
		0.678	0.216975	0.678	0.276426	0.678	0.026898	0.678	0.033232
		0.679	0.217094	0.679	0.276606	0.679	0.026902	0.679	0.03324
		0.68	0.217213	0.68	0.276786	0.68	0.026905	0.68	0.033249
		0.681	0.217335	0.681	0.276966	0.681	0.026908	0.681	0.033257
		0.682	0.217453	0.682	0.277146	0.682	0.026912	0.682	0.033265
		0.683	0.217571	0.683	0.277324	0.683	0.026915	0.683	0.033275
		0.684	0.21769	0.684	0.277503	0.684	0.026918	0.684	0.033283
		0.685	0.217807	0.685	0.277681	0.685	0.02692	0.685	0.033292
		0.686	0.217926	0.686	0.277859	0.686	0.026925	0.686	0.033299
		0.687	0.218045	0.687	0.278037	0.687	0.026928	0.687	0.033308
		0.688	0.218164	0.688	0.278216	0.688	0.026931	0.688	0.033317
		0.689	0.218282	0.689	0.278392	0.689	0.026934	0.689	0.033324
		0.69	0.218398	0.69	0.27857	0.69	0.026938	0.69	0.033334
		0.691	0.218513	0.691	0.278747	0.691	0.026942	0.691	0.033343
		0.692	0.218632	0.692	0.278924	0.692	0.026946	0.692	0.03335
		0.693	0.218747	0.693	0.2791	0.693	0.026948	0.693	0.033358
		0.694	0.218864	0.694	0.279276	0.694	0.026951	0.694	0.033368
		0.695	0.218981	0.695	0.279452	0.695	0.026955	0.695	0.033376
		0.696	0.219097	0.696	0.279627	0.696	0.026959	0.696	0.033383
		0.697	0.219214	0.697	0.279801	0.697	0.026961	0.697	0.033391
		0.698	0.219328	0.698	0.279976	0.698	0.026964	0.698	0.033401
		0.699	0.219445	0.699	0.280149	0.699	0.026968	0.699	0.033408
		0.7	0.219559	0.7	0.280325	0.7	0.02697	0.7	0.033416
		0.701	0.219674	0.701	0.280499	0.701	0.026973	0.701	0.033424
		0.702	0.219791	0.702	0.280674	0.702	0.026978	0.702	0.033434
		0.703	0.219904	0.703	0.280846	0.703	0.02698	0.703	0.033443
		0.704	0.220017	0.704	0.28102	0.704	0.026983	0.704	0.03345
		0.705	0.220133	0.705	0.281193	0.705	0.026987	0.705	0.033458
		0.706	0.220247	0.706	0.281364	0.706	0.026989	0.706	0.033468
		0.707	0.220359	0.707	0.281538	0.707	0.026992	0.707	0.033476
		0.708	0.220473	0.708	0.28171	0.708	0.026997	0.708	0.033482
		0.709	0.220587	0.709	0.281881	0.709	0.026999	0.709	0.03349
		0.71	0.2207	0.71	0.282052	0.71	0.027002	0.71	0.033498
		0.711	0.220814	0.711	0.282223	0.711	0.027005	0.711	0.033507
		0.712	0.220926	0.712	0.282395	0.712	0.027008	0.712	0.033515
		0.713	0.221037	0.713	0.282566	0.713	0.027011	0.713	0.033523
		0.714	0.221152	0.714	0.282737	0.714	0.027014	0.714	0.033531
		0.715	0.221265	0.715	0.282907	0.715	0.027018	0.715	0.033538
		0.716	0.221375	0.716	0.283076	0.716	0.027021	0.716	0.033547
		0.717	0.221485	0.717	0.283247	0.717	0.027025	0.717	0.033555
		0.718	0.221598	0.718	0.283416	0.718	0.027028	0.718	0.033561
		0.719	0.22171	0.719	0.283584	0.719	0.027031	0.719	0.033571
		0.72	0.221821	0.72	0.283754	0.72	0.027033	0.72	0.033579
		0.721	0.221932	0.721	0.283924	0.721	0.027037	0.721	0.033587
		0.722	0.222041	0.722	0.284091	0.722	0.027041	0.722	0.033595
		0.723	0.222152	0.723	0.284258	0.723	0.027043	0.723	0.033603
		0.724	0.222263	0.724	0.284427	0.724	0.027046	0.724	0.03361
		0.725	0.222374	0.725	0.284594	0.725	0.027049	0.725	0.033618
		0.726	0.222483	0.726	0.284761	0.726	0.027052	0.726	0.033626
		0.727	0.222594	0.727	0.284929	0.727	0.027054	0.727	0.033633
		0.728	0.222701	0.728	0.285097	0.728	0.027058	0.728	0.033641
		0.729	0.222812	0.729	0.285263	0.729	0.027061	0.729	0.033648
		0.73	0.222922	0.73	0.285429	0.73	0.027064	0.73	0.033656
		0.731	0.223032	0.731	0.285595	0.731	0.027068	0.731	0.033664
		0.732	0.223141	0.732	0.28576	0.732	0.02707	0.732	0.033672
		0.733	0.223252	0.733	0.285927	0.733	0.027073	0.733	0.03368
		0.734	0.223358	0.734	0.286092	0.734	0.027076	0.734	0.033687
		0.735	0.223468	0.735	0.286258	0.735	0.027079	0.735	0.033695
		0.736	0.223574	0.736	0.286422	0.736	0.027082	0.736	0.033702
		0.737	0.223684	0.737	0.286585	0.737	0.027084	0.737	0.033709
		0.738	0.223792	0.738	0.28675	0.738	0.027088	0.738	0.033718
		0.739	0.223899	0.739	0.286914	0.739	0.027091	0.739	0.033725
		0.74	0.224006	0.74	0.287078	0.74	0.027094	0.74	0.033734
		0.741	0.224112	0.741	0.287241	0.741	0.027097	0.741	0.033741
		0.742	0.22422	0.742	0.287405	0.742	0.0271	0.742	0.033749
		0.743	0.224328	0.743	0.287569	0.743	0.027102	0.743	0.033756
		0.744	0.224434	0.744	0.287731	0.744	0.027106	0.744	0.033764
		0.745	0.22454	0.745	0.287893	0.745	0.027108	0.745	0.033772
		0.746	0.224646	0.746	0.288055	0.746	0.027111	0.746	0.033779
		0.747	0.224752	0.747	0.288218	0.747	0.027114	0.747	0.033786
		0.748	0.224858	0.748	0.28838	0.748	0.027117	0.748	0.033793
		0.749	0.224964	0.749	0.288542	0.749	0.027119	0.749	0.033801
		0.75	0.22507	0.75	0.288702	0.75	0.027123	0.75	0.033808
		0.751	0.225175	0.751	0.288863	0.751	0.027126	0.751	0.033816
		0.752	0.22528	0.752	0.289024	0.752	0.027129	0.752	0.033824
		0.753	0.225384	0.753	0.289187	0.753	0.027131	0.753	0.033832
		0.754	0.22549	0.754	0.289347	0.754	0.027134	0.754	0.033838
		0.755	0.225595	0.755	0.289507	0.755	0.027137	0.755	0.033845
		0.756	0.2257	0.756	0.289666	0.756	0.027139	0.756	0.033852
		0.757	0.225802	0.757	0.289826	0.757	0.027143	0.757	0.03386
		0.758	0.225909	0.758	0.289985	0.758	0.027145	0.758	0.033867
		0.759	0.226012	0.759	0.290146	0.759	0.027148	0.759	0.033874
		0.76	0.226116	0.76	0.290304	0.76	0.027151	0.76	0.033882
		0.761	0.226219	0.761	0.290463	0.761	0.027154	0.761	0.03389
		0.762	0.226322	0.762	0.290621	0.762	0.027156	0.762	0.033897
		0.763	0.226426	0.763	0.290779	0.763	0.027158	0.763	0.033904
		0.764	0.226529	0.764	0.290937	0.764	0.027163	0.764	0.033911
		0.765	0.226631	0.765	0.291094	0.765	0.027165	0.765	0.033917
		0.766	0.226734	0.766	0.291254	0.766	0.027168	0.766	0.033925
		0.767	0.226837	0.767	0.29141	0.767	0.027171	0.767	0.033932
		0.768	0.22694	0.768	0.291566	0.768	0.027173	0.768	0.03394
		0.769	0.227042	0.769	0.291724	0.769	0.027176	0.769	0.033947
		0.77	0.227142	0.77	0.29188	0.77	0.027179	0.77	0.033955
		0.771	0.227246	0.771	0.292036	0.771	0.027182	0.771	0.033961
		0.772	0.227347	0.772	0.292192	0.772	0.027184	0.772	0.033968
		0.773	0.227449	0.773	0.292348	0.773	0.027187	0.773	0.033977
		0.774	0.227551	0.774	0.292505	0.774	0.02719	0.774	0.033982
		0.775	0.227651	0.775	0.29266	0.775	0.027192	0.775	0.03399
		0.776	0.227753	0.776	0.292815	0.776	0.027195	0.776	0.033997
		0.777	0.227851	0.777	0.29297	0.777	0.027198	0.777	0.034004
		0.778	0.227954	0.778	0.293124	0.778	0.0272	0.778	0.034012
		0.779	0.228056	0.779	0.29328	0.779	0.027203	0.779	0.034019
		0.78	0.228157	0.78	0.293433	0.78	0.027206	0.78	0.034026
		0.781	0.228257	0.781	0.293587	0.781	0.027208	0.781	0.034033
		0.782	0.228356	0.782	0.293741	0.782	0.027211	0.782	0.034041
		0.783	0.228456	0.783	0.293894	0.783	0.027214	0.783	0.034047
		0.784	0.228555	0.784	0.294049	0.784	0.027217	0.784	0.034053
		0.785	0.228655	0.785	0.294202	0.785	0.02722	0.785	0.03406
		0.786	0.228756	0.786	0.294354	0.786	0.027223	0.786	0.034067
		0.787	0.228855	0.787	0.294508	0.787	0.027225	0.787	0.034074
		0.788	0.228954	0.788	0.294659	0.788	0.027228	0.788	0.034081
		0.789	0.229054	0.789	0.294812	0.789	0.02723	0.789	0.034088
		0.79	0.229152	0.79	0.294963	0.79	0.027233	0.79	0.034096
		0.791	0.229249	0.791	0.295115	0.791	0.027235	0.791	0.034103
		0.792	0.229348	0.792	0.295268	0.792	0.027238	0.792	0.034109
		0.793	0.229445	0.793	0.295418	0.793	0.027241	0.793	0.034116
		0.794	0.229544	0.794	0.29557	0.794	0.027243	0.794	0.034122
		0.795	0.229642	0.795	0.29572	0.795	0.027246	0.795	0.034129
		0.796	0.22974	0.796	0.295871	0.796	0.027249	0.796	0.034136
		0.797	0.229837	0.797	0.29602	0.797	0.027251	0.797	0.034143
		0.798	0.229933	0.798	0.296173	0.798	0.027253	0.798	0.034149
		0.799	0.230033	0.799	0.296323	0.799	0.027257	0.799	0.034157
		0.8	0.230128	0.8	0.296472	0.8	0.027259	0.8	0.034163
		0.801	0.230226	0.801	0.296621	0.801	0.027261	0.801	0.03417
		0.802	0.230321	0.802	0.296772	0.802	0.027263	0.802	0.034177
		0.803	0.230418	0.803	0.29692	0.803	0.027267	0.803	0.034183
		0.804	0.230515	0.804	0.297068	0.804	0.027269	0.804	0.03419
		0.805	0.230612	0.805	0.297218	0.805	0.027271	0.805	0.034198
		0.806	0.230707	0.806	0.297366	0.806	0.027274	0.806	0.034204
		0.807	0.230804	0.807	0.297514	0.807	0.027277	0.807	0.034211
		0.808	0.230899	0.808	0.297662	0.808	0.027279	0.808	0.034217
		0.809	0.230995	0.809	0.297809	0.809	0.027282	0.809	0.034224
		0.81	0.231091	0.81	0.297957	0.81	0.027284	0.81	0.034231
		0.811	0.231184	0.811	0.298105	0.811	0.027287	0.811	0.034237
		0.812	0.231282	0.812	0.298253	0.812	0.02729	0.812	0.034244
		0.813	0.231376	0.813	0.298399	0.813	0.027292	0.813	0.03425
		0.814	0.23147	0.814	0.298545	0.814	0.027294	0.814	0.034256
		0.815	0.231566	0.815	0.298693	0.815	0.027296	0.815	0.034263
		0.816	0.231659	0.816	0.298838	0.816	0.027299	0.816	0.03427
		0.817	0.231754	0.817	0.298984	0.817	0.027302	0.817	0.034276
		0.818	0.231848	0.818	0.299133	0.818	0.027304	0.818	0.034283
		0.819	0.231942	0.819	0.299278	0.819	0.027307	0.819	0.03429
		0.82	0.232037	0.82	0.299423	0.82	0.027309	0.82	0.034296
		0.821	0.232129	0.821	0.299569	0.821	0.027311	0.821	0.034302
		0.822	0.232223	0.822	0.299714	0.822	0.027315	0.822	0.034309
		0.823	0.232318	0.823	0.299858	0.823	0.027317	0.823	0.034316
		0.824	0.232411	0.824	0.300003	0.824	0.027319	0.824	0.034323
		0.825	0.232504	0.825	0.300148	0.825	0.027322	0.825	0.034329
		0.826	0.232596	0.826	0.300292	0.826	0.027324	0.826	0.034335
		0.827	0.232688	0.827	0.300435	0.827	0.027326	0.827	0.034342
		0.828	0.23278	0.828	0.30058	0.828	0.027328	0.828	0.034349
		0.829	0.232873	0.829	0.300723	0.829	0.027332	0.829	0.034355
		0.83	0.232967	0.83	0.300867	0.83	0.027334	0.83	0.034361
		0.831	0.23306	0.831	0.301011	0.831	0.027336	0.831	0.034366
		0.832	0.233149	0.832	0.301154	0.832	0.027339	0.832	0.034374
		0.833	0.233243	0.833	0.301296	0.833	0.027341	0.833	0.03438
		0.834	0.233334	0.834	0.301439	0.834	0.027343	0.834	0.034386
		0.835	0.233424	0.835	0.301581	0.835	0.027346	0.835	0.034392
		0.836	0.233518	0.836	0.301723	0.836	0.027348	0.836	0.034399
		0.837	0.233609	0.837	0.301866	0.837	0.02735	0.837	0.034406
		0.838	0.233701	0.838	0.302008	0.838	0.027354	0.838	0.034412
		0.839	0.233792	0.839	0.302149	0.839	0.027356	0.839	0.034418
		0.84	0.233884	0.84	0.30229	0.84	0.027358	0.84	0.034423
		0.841	0.233974	0.841	0.302431	0.841	0.02736	0.841	0.03443
		0.842	0.234064	0.842	0.302573	0.842	0.027363	0.842	0.034437
		0.843	0.234154	0.843	0.302714	0.843	0.027365	0.843	0.034443
		0.844	0.234246	0.844	0.302854	0.844	0.027367	0.844	0.034449
		0.845	0.234336	0.845	0.302994	0.845	0.02737	0.845	0.034455
		0.846	0.234426	0.846	0.303135	0.846	0.027372	0.846	0.034462
		0.847	0.234515	0.847	0.303275	0.847	0.027374	0.847	0.034468
		0.848	0.234606	0.848	0.303415	0.848	0.027377	0.848	0.034475
		0.849	0.234693	0.849	0.303554	0.849	0.027379	0.849	0.034481
		0.85	0.234785	0.85	0.303695	0.85	0.027381	0.85	0.034486
		0.851	0.234874	0.851	0.303833	0.851	0.027384	0.851	0.034493
		0.852	0.234961	0.852	0.303972	0.852	0.027386	0.852	0.0345
		0.853	0.235051	0.853	0.304111	0.853	0.027388	0.853	0.034506
		0.854	0.235141	0.854	0.304249	0.854	0.02739	0.854	0.034512
		0.855	0.23523	0.855	0.304389	0.855	0.027393	0.855	0.034518
		0.856	0.235317	0.856	0.304526	0.856	0.027395	0.856	0.034524
		0.857	0.235408	0.857	0.304665	0.857	0.027397	0.857	0.03453
		0.858	0.235495	0.858	0.304803	0.858	0.0274	0.858	0.034537
		0.859	0.235584	0.859	0.30494			0.859	0.034542
		0.86	0.235672	0.86	0.305078			0.86	0.034548
		0.861	0.235758	0.861	0.305215			0.861	0.034554
		0.862	0.235845	0.862	0.305351			0.862	0.03456
		0.863	0.235932	0.863	0.305489			0.863	0.034566
		0.864	0.236021	0.864	0.305626			0.864	0.034573
		0.865	0.236108	0.865	0.305763			0.865	0.034579
		0.866	0.236195	0.866	0.305899			0.866	0.034585
		0.867	0.236282	0.867	0.306035			0.867	0.034591
		0.868	0.23637	0.868	0.30617			0.868	0.034597
		0.869	0.236458	0.869	0.306306			0.869	0.034602
		0.87	0.236544	0.87	0.306442			0.87	0.034608
		0.871	0.23663	0.871	0.306577			0.871	0.034614
		0.872	0.236715	0.872	0.306713			0.872	0.03462
		0.873	0.236801	0.873	0.306847			0.873	0.034626
		0.874	0.236887	0.874	0.306982			0.874	0.034632
		0.875	0.236974	0.875	0.307116			0.875	0.034638
		0.876	0.237061	0.876	0.307252			0.876	0.034644
		0.877	0.237146	0.877	0.307386			0.877	0.03465
		0.878	0.237231	0.878	0.30752			0.878	0.034655
		0.879	0.237316	0.879	0.307655			0.879	0.034661
		0.88	0.237403	0.88	0.307788			0.88	0.034668
		0.881	0.237487	0.881	0.307922			0.881	0.034673
		0.882	0.237574	0.882	0.308055			0.882	0.034679
		0.883	0.237658	0.883	0.308188			0.883	0.034685
		0.884	0.237742	0.884	0.308322			0.884	0.034691
		0.885	0.237826	0.885	0.308454			0.885	0.034697
		0.886	0.237911	0.886	0.308586			0.886	0.034703
		0.887	0.237997	0.887	0.308719			0.887	0.034708
		0.888	0.238079	0.888	0.308851			0.888	0.034713
		0.889	0.238162	0.889	0.308983			0.889	0.034719
		0.89	0.238248	0.89	0.309116			0.89	0.034726
		0.891	0.23833	0.891	0.309247			0.891	0.034731
		0.892	0.238412	0.892	0.309378			0.892	0.034737
		0.893	0.238499	0.893	0.30951			0.893	0.034743
		0.894	0.238581	0.894	0.30964			0.894	0.034749
		0.895	0.238665	0.895	0.309773			0.895	0.034754
		0.896	0.238748	0.896	0.309903			0.896	0.03476
		0.897	0.23883	0.897	0.310034			0.897	0.034765
		0.898	0.238913	0.898	0.310164			0.898	0.034771
		0.899	0.238999	0.899	0.310294			0.899	0.034776
		0.9	0.239079	0.9	0.310424			0.9	0.034782
		0.901	0.239162	0.901	0.310553			0.901	0.034788
		0.902	0.239244	0.902	0.310684			0.902	0.034793
		0.903	0.239326	0.903	0.310813			0.903	0.0348
		0.904	0.239408	0.904	0.310943			0.904	0.034806
		0.905	0.239489	0.905	0.311072			0.905	0.034811
		0.906	0.239574	0.906	0.3112			0.906	0.034816
		0.907	0.239653	0.907	0.31133			0.907	0.034822
		0.908	0.239735	0.908	0.311459			0.908	0.034827
		0.909	0.239817	0.909	0.311587			0.909	0.034833
		0.91	0.239899	0.91	0.311716			0.91	0.034839
		0.911	0.23998	0.911	0.311844			0.911	0.034844
		0.912	0.240063	0.912	0.311971			0.912	0.03485
		0.913	0.240141	0.913	0.312099			0.913	0.034856
		0.914	0.240224	0.914	0.312227			0.914	0.034861
		0.915	0.240303	0.915	0.312355			0.915	0.034867
		0.916	0.240386	0.916	0.312482			0.916	0.034871
		0.917	0.240465	0.917	0.312609			0.917	0.034877
		0.918	0.240544	0.918	0.312736			0.918	0.034882
		0.919	0.240625	0.919	0.312863			0.919	0.034888
		0.92	0.240706	0.92	0.312989			0.92	0.034893
		0.921	0.240784	0.921	0.313116			0.921	0.0349
		0.922	0.240864	0.922	0.313242			0.922	0.034906
		0.923	0.240945	0.923	0.313368			0.923	0.034911
		0.924	0.241023	0.924	0.313494			0.924	0.034917
		0.925	0.241104	0.925	0.313619			0.925	0.034921
		0.926	0.241182	0.926	0.313746			0.926	0.034927
		0.927	0.241262	0.927	0.313871			0.927	0.034932
		0.928	0.241342	0.928	0.313997			0.928	0.034938
		0.929	0.24142	0.929	0.314122			0.929	0.034943
		0.93	0.241498	0.93	0.314247			0.93	0.034949
		0.931	0.241578	0.931	0.314371			0.931	0.034954
		0.932	0.241657	0.932	0.314495			0.932	0.034959
		0.933	0.241734	0.933	0.31462			0.933	0.034965
		0.934	0.241813	0.934	0.314745			0.934	0.03497
		0.935	0.24189	0.935	0.314869			0.935	0.034975
		0.936	0.241968	0.936	0.314992			0.936	0.03498
		0.937	0.242048	0.937	0.315116			0.937	0.034986
		0.938	0.242124	0.938	0.315239			0.938	0.034991
		0.939	0.242202	0.939	0.315363			0.939	0.034996
		0.94	0.24228	0.94	0.315486			0.94	0.035002
		0.941	0.242359	0.941	0.31561			0.941	0.035007
		0.942	0.242434	0.942	0.315732			0.942	0.035013
		0.943	0.242512	0.943	0.315855			0.943	0.035018
		0.944	0.24259	0.944	0.315978			0.944	0.035022
		0.945	0.242667	0.945	0.3161			0.945	0.035028
		0.946	0.242743	0.946	0.316222			0.946	0.035033
		0.947	0.242819	0.947	0.316345			0.947	0.035038
		0.948	0.242896	0.948	0.316467			0.948	0.035044
		0.949	0.242974	0.949	0.316588			0.949	0.035049
		0.95	0.24305	0.95	0.31671			0.95	0.035054
		0.951	0.243126	0.951	0.316831			0.951	0.03506
		0.952	0.243201	0.952	0.316952			0.952	0.035065
		0.953	0.243279					0.953	0.03507
		0.954	0.243357					0.954	0.035074
		0.955	0.243432					0.955	0.03508
		0.956	0.243507					0.956	0.035085
		0.957	0.243582					0.957	0.03509
		0.958	0.243659					0.958	0.035096
		0.959	0.243734					0.959	0.035101
		0.96	0.24381					0.96	0.035106
		0.961	0.243885					0.961	0.035111
		0.962	0.243958					0.962	0.035116
		0.963	0.244035					0.963	0.035121
		0.964	0.244111					0.964	0.035126
		0.965	0.244186					0.965	0.035131
		0.966	0.244259					0.966	0.035136
		0.967	0.244334					0.967	0.035141
		0.968	0.244408					0.968	0.035147
		0.969	0.244482					0.969	0.035152
		0.97	0.244558					0.97	0.035157
		0.971	0.244631					0.971	0.035162
		0.972	0.244705					0.972	0.035166
		0.973	0.244779					0.973	0.035171
		0.974	0.244851					0.974	0.035177
		0.975	0.244927					0.975	0.035182
		0.976	0.244999					0.976	0.035187
		0.977	0.245073					0.977	0.035192
		0.978	0.245145					0.978	0.035197
		0.979	0.24522					0.979	0.035202
		0.98	0.245292					0.98	0.035207
		0.981	0.245365					0.981	0.035212
		0.982	0.245439					0.982	0.035216
		0.983	0.24551					0.983	0.035221
		0.984	0.245584					0.984	0.035226
		0.985	0.245656					0.985	0.035231
		0.986	0.245728					0.986	0.035236
		0.987	0.245803					0.987	0.035241
		0.988	0.245873					0.988	0.035246
		0.989	0.245945					0.989	0.035251
		0.99	0.246017
		0.991	0.246089
		0.992	0.24616
		0.993	0.246232
		0.994	0.246305
		0.995	0.246376
		0.996	0.246448
		0.997	0.246518
		0.998	0.246589
		0.999	0.24666
		1	0.246731
		1.001	0.246803
		1.002	0.246873
		1.003	0.246943
		1.004	0.247013
		1.005	0.247084
		1.006	0.247154
		1.007	0.247223
		1.008	0.247294
		1.009	0.247364
		1.01	0.247434
		1.011	0.247504
		1.012	0.247572
		1.013	0.247642
		1.014	0.247712
		1.015	0.247783
		1.016	0.247852
		1.017	0.247922
		1.018	0.24799
		1.019	0.248057
		1.02	0.248127
		1.021	0.248196
		1.022	0.248264
		1.023	0.248334
		1.024	0.248402
		1.025	0.248468
		1.026	0.248537
		1.027	0.248606
		1.028	0.248674
		1.029	0.248742
		1.03	0.248809
		1.031	0.248876
		1.032	0.248945
		1.033	0.249011
		1.034	0.24908
		1.035	0.249146
		1.036	0.249213
		1.037	0.249281
		1.038	0.24935
		1.039	0.249417
		1.04	0.249482
		1.041	0.24955
		1.042	0.249618
		1.043	0.249684
		1.044	0.24975
		1.045	0.249816
		1.046	0.249883
		1.047	0.249951
		1.048	0.250015
		1.049	0.250081
		1.05	0.250149
		1.051	0.250212
		1.052	0.250278
		1.053	0.250344
		1.054	0.25041
		1.055	0.250475
		1.056	0.250539
		1.057	0.250605
		1.058	0.250669
		1.059	0.250737
		1.06	0.250801
		1.061	0.250864
		1.062	0.250931
		1.063	0.250994
		1.064	0.251059
		1.065	0.251122
		1.066	0.251188
		1.067	0.251251
		1.068	0.251315
		1.069	0.251379
		1.07	0.251444
		1.071	0.251508
		1.072	0.251573
		1.073	0.251635
		1.074	0.251701
		1.075	0.251763
		1.076	0.251827
		1.077	0.251889
		1.078	0.251953
		1.079	0.252016
		1.08	0.252081
		1.081	0.252142
		1.082	0.252206
		1.083	0.252268
		1.084	0.25233
		1.085	0.252394
		1.086	0.252456
		1.087	0.252518
		1.088	0.252581
		1.089	0.252642
		1.09	0.252706
		1.091	0.252767
		1.092	0.25283
		1.093	0.252891
		1.094	0.252952
		1.095	0.253014
		1.096	0.253076
		1.097	0.253137
		1.098	0.253199
		1.099	0.253261
		1.1	0.253321
		1.101	0.253382
		1.102	0.253443
		1.103	0.253503
		1.104	0.253567
		1.105	0.253626
		1.106	0.253687
		1.107	0.253748
		1.108	0.25381
		1.109	0.25387
		1.11	0.253929
		1.111	0.25399
		1.112	0.25405
		1.113	0.254111
		1.114	0.254171
		1.115	0.254229
		1.116	0.25429
		1.117	0.254349
		1.118	0.25441
		1.119	0.25447
		1.12	0.254529
		1.121	0.254588
		1.122	0.254649
		1.123	0.254707
		1.124	0.254767
		1.125	0.254826
		1.126	0.254885
		1.127	0.254944
		1.128	0.255004
		1.129	0.255064
		1.13	0.255122
		1.131	0.255181
		1.132	0.25524
		1.133	0.255298
		1.134	0.255356
		1.135	0.255415
		1.136	0.255474
		1.137	0.255531
		1.138	0.25559
		1.139	0.255647
		1.14	0.255704
		1.141	0.255763
		1.142	0.25582
		1.143	0.255878
		1.144	0.255936
		1.145	0.255994
		1.146	0.256051
		1.147	0.25611
		1.148	0.256166
		1.149	0.256223
		1.15	0.256279
		1.151	0.256336
		1.152	0.256392
		1.153	0.256449
		1.154	0.256506
		1.155	0.256564
		1.156	0.25662
		1.157	0.256676
		1.158	0.256733
		1.159	0.25679
		1.16	0.256846
		1.161	0.256902
		1.162	0.256958
		1.163	0.257015
		1.164	0.25707
		1.165	0.257127
		1.166	0.257183
		1.167	0.25724
		1.168	0.257294
		1.169	0.25735
		1.17	0.257406
		1.171	0.257461
		1.172	0.257517
		1.173	0.257572
		1.174	0.257627
		1.175	0.257681
		1.176	0.257736
		1.177	0.257792
		1.178	0.257847
		1.179	0.257901
		1.18	0.257957
		1.181	0.258013
		1.182	0.258066
		1.183	0.258121
		1.184	0.258175
		1.185	0.25823
		1.186	0.258284
		1.187	0.258338
		1.188	0.258392
		1.189	0.258446
		1.19	0.258501
		1.191	0.258554
		1.192	0.258607
		1.193	0.258662
		1.194	0.258714
		1.195	0.258768
		1.196	0.258824
		1.197	0.258876
		1.198	0.258929
		1.199	0.258982
		1.2	0.259037
		1.201	0.25909
		1.202	0.259143
		1.203	0.259195
		1.204	0.259248
		1.205	0.259302
		1.206	0.259354
		1.207	0.259407
		1.208	0.259459
		1.209	0.259512
		1.21	0.259566
		1.211	0.259618
		1.212	0.25967
		1.213	0.259723
		1.214	0.259776
		1.215	0.259829
		1.216	0.259882
		1.217	0.259933
		1.218	0.259985
		1.219	0.260037
		1.22	0.260089
		1.221	0.260141
		1.222	0.260193
		1.223	0.260245
		1.224	0.260296
		1.225	0.260348
		1.226	0.260397
		1.227	0.260449
		1.228	0.260502
		1.229	0.260552
		1.23	0.260604
		1.231	0.260654
		1.232	0.260705
		1.233	0.260756
		1.234	0.260808
		1.235	0.260859
		1.236	0.260911
		1.237	0.26096
		1.238	0.261011
		1.239	0.261061
		1.24	0.261112
		1.241	0.261162
		1.242	0.261214
		1.243	0.261263
		1.244	0.261313
		1.245	0.261363
		1.246	0.261414
		1.247	0.261462
		1.248	0.261513
		1.249	0.261562
		1.25	0.261614
		1.251	0.261662
		1.252	0.261713
		1.253	0.261762
		1.254	0.26181
		1.255	0.261861
		1.256	0.261909
		1.257	0.261959
		1.258	0.262008
		1.259	0.262059
		1.26	0.262107
		1.261	0.262156
		1.262	0.262205
		1.263	0.262253
		1.264	0.262302
		1.265	0.262351
		1.266	0.2624
		1.267	0.26245
		1.268	0.262498
		1.269	0.262546
		1.27	0.262595
		1.271	0.262644
		1.272	0.262692
		1.273	0.26274
		1.274	0.262789
		1.275	0.262836
		1.276	0.262884
		1.277	0.262932
		1.278	0.26298
		1.279	0.263029
		1.28	0.263077
		1.281	0.263124
		1.282	0.263172
		1.283	0.263219
		1.284	0.263267
		1.285	0.263315
		1.286	0.263361
		1.287	0.26341
		1.288	0.263457
		1.289	0.263504
		1.29	0.263552
		1.291	0.263599
		1.292	0.263644
		1.293	0.263693
		1.294	0.263739
		1.295	0.263785
		1.296	0.263834
		1.297	0.263879
		1.298	0.263925
		1.299	0.263974
		1.3	0.264021
		1.301	0.264067
		1.302	0.264114
		1.303	0.264161
		1.304	0.264206
		1.305	0.264252
		1.306	0.264298
		1.307	0.264345
		1.308	0.264391
		1.309	0.264437
		1.31	0.264483
		1.311	0.264528
		1.312	0.264574
		1.313	0.264621
		1.314	0.264667
		1.315	0.264713
		1.316	0.264759
		1.317	0.264805
		1.318	0.26485
		1.319	0.264895
		1.32	0.264942
		1.321	0.264986
		1.322	0.265031
		1.323	0.265076
		1.324	0.265122
		1.325	0.265166
		1.326	0.265211
		1.327	0.265255
		1.328	0.265302
		1.329	0.265346
		1.33	0.26539
		1.331	0.265436
		1.332	0.265482
		1.333	0.265526
		1.334	0.26557
		1.335	0.265614
		1.336	0.26566
		1.337	0.265704
		1.338	0.265748
		1.339	0.265792
		1.34	0.265836
		1.341	0.265881
		1.342	0.265924
		1.343	0.265968
		1.344	0.266012
		1.345	0.266056
		1.346	0.266099
		1.347	0.266143
		1.348	0.266187
		1.349	0.266231
		1.35	0.266275
		1.351	0.266318
		1.352	0.266363
		1.353	0.266406
		1.354	0.266449
		1.355	0.266492
		1.356	0.266536
		1.357	0.266578
		1.358	0.266622
		1.359	0.266665
		1.36	0.266708
		1.361	0.266752
		1.362	0.266794
		1.363	0.266837
		1.364	0.266879
		1.365	0.266922
		1.366	0.266965
		1.367	0.267009
		1.368	0.26705
		1.369	0.267093
		1.37	0.267135
		1.371	0.267178
		1.372	0.267219
		1.373	0.267263
		1.374	0.267306
		1.375	0.267347
		1.376	0.267389
		1.377	0.267431
		1.378	0.267473
		1.379	0.267516
		1.38	0.267559
		1.381	0.267601
		1.382	0.267642
		1.383	0.267684
		1.384	0.267725
		1.385	0.267768
		1.386	0.26781
		1.387	0.267851
		1.388	0.267893
		1.389	0.267935
		1.39	0.267976
		1.391	0.268017
		1.392	0.268058
		1.393	0.268101
		1.394	0.268141
		1.395	0.268183
		1.396	0.268223
		1.397	0.268264
		1.398	0.268305
		1.399	0.268346
		1.4	0.268387
		1.401	0.268429
		1.402	0.268469
		1.403	0.26851
		1.404	0.268551
		1.405	0.268592
		1.406	0.268633
		1.407	0.268672
		1.408	0.268713
		1.409	0.268753
		1.41	0.268795
		1.411	0.268834
		1.412	0.268874
		1.413	0.268915
		1.414	0.268955
		1.415	0.268995
		1.416	0.269034
		1.417	0.269075
		1.418	0.269114
		1.419	0.269155
		1.42	0.269196
		1.421	0.269235
		1.422	0.269275
		1.423	0.269315
		1.424	0.269355
		1.425	0.269395
		1.426	0.269434
		1.427	0.269474
		1.428	0.269513
		1.429	0.269552
		1.43	0.269593
		1.431	0.269632
		1.432	0.269671
		1.433	0.26971
		1.434	0.26975
		1.435	0.269788
		1.436	0.269827
		1.437	0.269866
		1.438	0.269905
		1.439	0.269944
		1.44	0.269982
		1.441	0.270022
		1.442	0.27006
		1.443	0.2701
		1.444	0.270138
		1.445	0.270177
		1.446	0.270216
		1.447	0.270254
		1.448	0.270292
		1.449	0.270331
		1.45	0.27037
		1.451	0.270408
		1.452	0.270445
		1.453	0.270484
		1.454	0.270522
		1.455	0.270561
		1.456	0.270599
		1.457	0.270637
		1.458	0.270676
		1.459	0.270713
		1.46	0.27075
		1.461	0.270789
		1.462	0.270826
		1.463	0.270865
		1.464	0.270902
		1.465	0.270939
		1.466	0.270977
		1.467	0.271015
		1.468	0.271052
		1.469	0.27109
		1.47	0.271127
		1.471	0.271164
		1.472	0.271202
		1.473	0.271239
		1.474	0.271276
		1.475	0.271316
		1.476	0.271353
		1.477	0.271389
		1.478	0.271427
		1.479	0.271464
		1.48	0.271501
		1.481	0.271537
		1.482	0.271574
		1.483	0.271611
		1.484	0.271648
		1.485	0.271685
		1.486	0.271721
		1.487	0.271758
		1.488	0.271794
		1.489	0.271832
		1.49	0.271867
		1.491	0.271904
		1.492	0.271941
		1.493	0.271977
		1.494	0.272013
		1.495	0.272049
		1.496	0.272086
		1.497	0.272122
		1.498	0.272158
		1.499	0.272195
		1.5	0.272232
		1.501	0.272267
		1.502	0.272303
		1.503	0.272338
		1.504	0.272376
		1.505	0.272411
		1.506	0.272447
		1.507	0.272482
		1.508	0.272519
		1.509	0.272554
		1.51	0.27259
		1.511	0.272624
		1.512	0.27266
		1.513	0.272696
		1.514	0.272732
		1.515	0.272767
		1.516	0.272802
		1.517	0.272837
		1.518	0.272873
		1.519	0.272908
		1.52	0.272943
		1.521	0.272978
		1.522	0.273013
		1.523	0.273049
		1.524	0.273083
		1.525	0.273118
		1.526	0.273153
		1.527	0.273188
		1.528	0.273223
		1.529	0.273259
		1.53	0.273293
		1.531	0.273327
		1.532	0.273361
		1.533	0.273397
		1.534	0.273433
		1.535	0.273467
		1.536	0.273501
		1.537	0.273535
		1.538	0.273569
		1.539	0.273605
		1.54	0.27364
		1.541	0.273674
		1.542	0.273708
		1.543	0.273741
		1.544	0.273775
		1.545	0.273809
		1.546	0.273844
		1.547	0.273879
		1.548	0.273913
		1.549	0.273946
		1.55	0.27398
		1.551	0.274014
		1.552	0.274048
		1.553	0.274081
		1.554	0.274115
		1.555	0.274149
		1.556	0.274183
		1.557	0.274217
		1.558	0.27425
		1.559	0.274283
		1.56	0.274317
		1.561	0.274351
		1.562	0.274385
		1.563	0.274419
		1.564	0.274452
		1.565	0.274486
		1.566	0.274518
		1.567	0.274551
		1.568	0.274584
		1.569	0.274617
		1.57	0.274651
		1.571	0.274684
		1.572	0.274717
		1.573	0.274751
		1.574	0.274783
		1.575	0.274816
		1.576	0.274849
		1.577	0.274882
		1.578	0.274915
		1.579	0.274947
		1.58	0.274979
		1.581	0.275012
		1.582	0.275045
		1.583	0.275078
		1.584	0.27511
		1.585	0.275143
		1.586	0.275176
		1.587	0.275208
		1.588	0.27524
		1.589	0.275272
		1.59	0.275305
		1.591	0.275338
		1.592	0.275369
		1.593	0.275401
		1.594	0.275434
		1.595	0.275465
		1.596	0.275498
		1.597	0.275531
		1.598	0.275562
		1.599	0.275594
		1.6	0.275627
		1.601	0.275658
		1.602	0.27569
		1.603	0.275721
		1.604	0.275753
		1.605	0.275785
		1.606	0.275817
		1.607	0.275849
		1.608	0.27588
		1.609	0.275912
		1.61	0.275943
		1.611	0.275974
		1.612	0.276006
		1.613	0.276037
		1.614	0.27607
		1.615	0.276101
		1.616	0.276132
		1.617	0.276163
		1.618	0.276195
		1.619	0.276226
		1.62	0.276257
		1.621	0.276288
		1.622	0.276319
		1.623	0.27635
		1.624	0.276381
		1.625	0.276412
		1.626	0.276443
		1.627	0.276474
		1.628	0.276505
		1.629	0.276536
		1.63	0.276567
		1.631	0.276597
		1.632	0.276628
		1.633	0.276659
		1.634	0.276689
		1.635	0.27672
		1.636	0.27675
		1.637	0.27678
		1.638	0.276812
		1.639	0.276842
		1.64	0.276874
		1.641	0.276904
		1.642	0.276934
		1.643	0.276965
		1.644	0.276995
		1.645	0.277024
		1.646	0.277055
		1.647	0.277085
		1.648	0.277116
		1.649	0.277147
		1.65	0.277176
		1.651	0.277206
		1.652	0.277237
		1.653	0.277266
		1.654	0.277296
		1.655	0.277327
		1.656	0.277356
		1.657	0.277386
		1.658	0.277415
		1.659	0.277446
		1.66	0.277475
		1.661	0.277505
		1.662	0.277535
		1.663	0.277564
		1.664	0.277594
		1.665	0.277623
		1.666	0.277653
		1.667	0.277682
		1.668	0.277712
		1.669	0.277741
		1.67	0.277771
		1.671	0.2778
		1.672	0.277829
		1.673	0.277858
		1.674	0.277887
		1.675	0.277917
		1.676	0.277946
		1.677	0.277975
		1.678	0.278004
		1.679	0.278033
		1.68	0.278063
		1.681	0.278092
		1.682	0.27812
		1.683	0.278149
		1.684	0.278178
		1.685	0.278208
		1.686	0.278236
		1.687	0.278265
		1.688	0.278293
		1.689	0.278322
		1.69	0.278351
		1.691	0.278379
		1.692	0.278409
		1.693	0.278437
		1.694	0.278465
		1.695	0.278494
		1.696	0.278522
		1.697	0.278551
		1.698	0.278579
		1.699	0.278608
		1.7	0.278636
		1.701	0.278665
		1.702	0.278693
		1.703	0.278721
		1.704	0.278749
		1.705	0.278777
		1.706	0.278805
		1.707	0.278833
		1.708	0.278861
		1.709	0.27889
		1.71	0.278918
		1.711	0.278946
		1.712	0.278974
		1.713	0.279002
		1.714	0.27903
		1.715	0.279057
		1.716	0.279085
		1.717	0.279113
		1.718	0.279141
		1.719	0.279168
		1.72	0.279196
		1.721	0.279224
		1.722	0.279251
		1.723	0.27928
		1.724	0.279307
		1.725	0.279335
		1.726	0.279362
		1.727	0.27939
		1.728	0.279417
		1.729	0.279444
		1.73	0.279472
		1.731	0.279499
		1.732	0.279526
		1.733	0.279554
		1.734	0.279581
		1.735	0.279609
		1.736	0.279636
		1.737	0.279663
		1.738	0.279691
		1.739	0.279718
		1.74	0.279745
		1.741	0.279772
		1.742	0.279799
		1.743	0.279826
		1.744	0.279853
		1.745	0.279879
		1.746	0.279906
		1.747	0.279933
		1.748	0.27996
		1.749	0.279987
		1.75	0.280013
		1.751	0.28004
		1.752	0.280067
		1.753	0.280094
		1.754	0.28012
		1.755	0.280147
		1.756	0.280173
		1.757	0.2802
		1.758	0.280226
		1.759	0.280253
		1.76	0.280279
		1.761	0.280306
		1.762	0.280332
		1.763	0.280359
		1.764	0.280385
		1.765	0.280411
		1.766	0.280437
		1.767	0.280464
		1.768	0.28049
		1.769	0.280516
		1.77	0.280542
		1.771	0.280568
		1.772	0.280594
		1.773	0.28062
		1.774	0.280646
