Perfect_X	Perfect_Y	D24_X	D24_Y	D25_X	D25_Y	R21_X	R21_Y	R44_X	R44_Y	P246_X	P246_Y	P384_X	P384_Y
0	0	0	0	0	0	0	0	0	0	0	0	0	0
0.928192	0.928192	0.001	0.001022	0.001	0.00078	0.001	0.001016	0.001	0.000863	0.001	0.000625	0.001	0.000978
		0.002	0.002	0.002	0.001257	0.002	0.002001	0.002	0.001501	0.002	0.000897	0.002	0.001592
		0.003	0.002961	0.003	0.001592	0.003	0.002982	0.003	0.002005	0.003	0.001076	0.003	0.002091
		0.004	0.003911	0.004	0.001841	0.004	0.003954	0.004	0.002423	0.004	0.0012	0.004	0.002536
		0.005	0.004849	0.005	0.002032	0.005	0.004921	0.005	0.002773	0.005	0.001298	0.005	0.002926
		0.006	0.005774	0.006	0.002182	0.006	0.005877	0.006	0.003069	0.006	0.001371	0.006	0.003273
		0.007	0.006686	0.007	0.0023	0.007	0.006829	0.007	0.003327	0.007	0.001431	0.007	0.003597
		0.008	0.007589	0.008	0.002397	0.008	0.007775	0.008	0.003549	0.008	0.001483	0.008	0.003894
		0.009	0.008476	0.009	0.002477	0.009	0.00871	0.009	0.003741	0.009	0.001525	0.009	0.00417
		0.01	0.009353	0.01	0.002542	0.01	0.009643	0.01	0.003913	0.01	0.001563	0.01	0.004424
		0.011	0.010216	0.011	0.002596	0.011	0.010566	0.011	0.004063	0.011	0.001594	0.011	0.004661
		0.012	0.011071	0.012	0.002642	0.012	0.011481	0.012	0.004198	0.012	0.001623	0.012	0.00489
		0.013	0.011909	0.013	0.00268	0.013	0.012392	0.013	0.004317	0.013	0.001646	0.013	0.0051
		0.014	0.012745			0.014	0.013296	0.014	0.004425	0.014	0.001669	0.014	0.005304
		0.015	0.013565			0.015	0.014193	0.015	0.004519	0.015	0.001691	0.015	0.005495
		0.016	0.01438			0.016	0.015087	0.016	0.004607	0.016	0.001709	0.016	0.005676
		0.017	0.015178			0.017	0.015971	0.017	0.004683	0.017	0.001726	0.017	0.005851
		0.018	0.01597			0.018	0.016849	0.018	0.004754	0.018	0.001739	0.018	0.006013
		0.019	0.016752			0.019	0.017723	0.019	0.004818	0.019	0.001755	0.019	0.006176
		0.02	0.017523			0.02	0.01859	0.02	0.004874	0.02	0.001767	0.02	0.006324
		0.021	0.018286			0.021	0.019449	0.021	0.004927	0.021	0.001779	0.021	0.006475
		0.022	0.01904			0.022	0.020303			0.022	0.001791	0.022	0.006612
		0.023	0.019783			0.023	0.021153			0.023	0.001802	0.023	0.006747
		0.024	0.020518			0.024	0.021996			0.024	0.001812	0.024	0.006879
		0.025	0.021245			0.025	0.022832			0.025	0.001822	0.025	0.007006
		0.026	0.021964			0.026	0.023663			0.026	0.001831	0.026	0.007124
		0.027	0.022679			0.027	0.024489			0.027	0.001839	0.027	0.00724
		0.028	0.023381			0.028	0.025308			0.028	0.001847	0.028	0.007357
		0.029	0.024071			0.029	0.026125			0.029	0.001855	0.029	0.007465
		0.03	0.024757			0.03	0.026933			0.03	0.001863	0.03	0.007571
		0.031	0.025437			0.031	0.027739			0.031	0.001869	0.031	0.007674
		0.032	0.026108			0.032	0.028535			0.032	0.001876	0.032	0.007777
		0.033	0.026774			0.033	0.029331			0.033	0.001883	0.033	0.007876
		0.034	0.027429			0.034	0.030119			0.034	0.001889	0.034	0.007968
		0.035	0.028081			0.035	0.0309			0.035	0.001894	0.035	0.008057
		0.036	0.028721			0.036	0.031678			0.036	0.0019	0.036	0.008149
		0.037	0.029359			0.037	0.032452			0.037	0.001906	0.037	0.008233
		0.038	0.029984			0.038	0.03322			0.038	0.001911	0.038	0.008319
		0.039	0.030606			0.039	0.03398			0.039	0.001916	0.039	0.008399
		0.04	0.031224			0.04	0.03474			0.04	0.001921	0.04	0.008479
		0.041	0.031832			0.041	0.035494					0.041	0.008561
		0.042	0.032433			0.042	0.036241					0.042	0.008637
		0.043	0.033033			0.043	0.036985					0.043	0.008712
		0.044	0.033622			0.044	0.037725					0.044	0.008783
		0.045	0.034207			0.045	0.038459					0.045	0.008852
		0.046	0.034786			0.046	0.039188					0.046	0.008925
		0.047	0.035358			0.047	0.039913					0.047	0.008992
		0.048	0.035924			0.048	0.040634					0.048	0.009058
		0.049	0.036485			0.049	0.041348					0.049	0.009122
		0.05	0.037039			0.05	0.042059					0.05	0.009188
		0.051	0.037592			0.051	0.042767					0.051	0.009247
		0.052	0.038136			0.052	0.04347					0.052	0.009305
		0.053	0.038674			0.053	0.044169					0.053	0.009367
		0.054	0.03921			0.054	0.044862					0.054	0.009428
		0.055	0.039736			0.055	0.045554					0.055	0.009483
		0.056	0.040257			0.056	0.04624					0.056	0.009538
		0.057	0.040779			0.057	0.046921					0.057	0.009592
		0.058	0.041291			0.058	0.0476					0.058	0.009647
		0.059	0.0418			0.059	0.048273					0.059	0.0097
		0.06	0.042304			0.06	0.048941					0.06	0.009751
		0.061	0.042805			0.061	0.049606					0.061	0.0098
		0.062	0.043301			0.062	0.050269					0.062	0.009849
		0.063	0.043791			0.063	0.050926					0.063	0.009899
		0.064	0.044274			0.064	0.051578					0.064	0.009944
		0.065	0.044755			0.065	0.05223					0.065	0.009994
		0.066	0.04523			0.066	0.052873					0.066	0.010041
		0.067	0.045705			0.067	0.053518					0.067	0.010082
		0.068	0.046171			0.068	0.054155					0.068	0.010129
		0.069	0.046636			0.069	0.054791					0.069	0.01017
		0.07	0.047095			0.07	0.055421					0.07	0.010212
		0.071	0.04755			0.071	0.056047					0.071	0.010259
		0.072	0.048001			0.072	0.056671					0.072	0.010298
		0.073	0.048453			0.073	0.057292					0.073	0.010339
		0.074	0.048893			0.074	0.057908					0.074	0.010377
		0.075	0.049331			0.075	0.058519					0.075	0.010418
		0.076	0.049769			0.076	0.05913					0.076	0.010457
		0.077	0.0502			0.077	0.059737					0.077	0.010495
		0.078	0.050629			0.078	0.060338					0.078	0.010531
		0.079	0.051057			0.079	0.060936					0.079	0.010568
		0.08	0.051474			0.08	0.061534					0.08	0.010604
		0.081	0.051892			0.081	0.062127					0.081	0.010641
		0.082	0.052306			0.082	0.062713					0.082	0.010675
		0.083	0.052718			0.083	0.063299					0.083	0.010709
		0.084	0.053124			0.084	0.063879					0.084	0.010744
		0.085	0.053528			0.085	0.06446					0.085	0.010778
		0.086	0.053923			0.086	0.065035					0.086	0.010813
		0.087	0.054324			0.087	0.065609					0.087	0.010843
		0.088	0.054716			0.088	0.066177					0.088	0.010875
		0.089	0.055104			0.089	0.066743					0.089	0.010906
		0.09	0.05549			0.09	0.067306					0.09	0.010937
		0.091	0.055877			0.091	0.067865					0.091	0.01097
		0.092	0.056259			0.092	0.068424					0.092	0.010999
		0.093	0.056633			0.093	0.068978					0.093	0.011029
		0.094	0.05701			0.094	0.069528					0.094	0.011059
		0.095	0.057381			0.095	0.070076					0.095	0.011086
		0.096	0.057747			0.096	0.070621					0.096	0.011117
		0.097	0.058115			0.097	0.071163					0.097	0.011144
		0.098	0.058478			0.098	0.071701					0.098	0.011171
		0.099	0.05884			0.099	0.072239					0.099	0.011199
		0.1	0.059194			0.1	0.07277					0.1	0.011228
		0.101	0.05955			0.101	0.073301					0.101	0.011255
		0.102	0.059901			0.102	0.073828					0.102	0.01128
		0.103	0.060249			0.103	0.074351					0.103	0.011305
		0.104	0.060595			0.104	0.074874					0.104	0.011331
		0.105	0.060938			0.105	0.075392					0.105	0.011358
		0.106	0.061276			0.106	0.075908					0.106	0.011381
		0.107	0.061616			0.107	0.076423					0.107	0.011408
		0.108	0.061952			0.108	0.076932					0.108	0.011431
		0.109	0.062286			0.109	0.07744					0.109	0.011456
		0.11	0.062615			0.11	0.077946					0.11	0.01148
		0.111	0.062946			0.111	0.07845					0.111	0.011504
		0.112	0.063271			0.112	0.078947					0.112	0.011526
		0.113	0.063592			0.113	0.079446					0.113	0.011549
		0.114	0.063912			0.114	0.07994					0.114	0.01157
		0.115	0.06423			0.115	0.080434					0.115	0.011593
		0.116	0.064546			0.116	0.080922					0.116	0.011615
		0.117	0.06486			0.117	0.081409					0.117	0.011639
		0.118	0.065171			0.118	0.081893					0.118	0.011661
		0.119	0.06548			0.119	0.082374					0.119	0.011681
		0.12	0.065786			0.12	0.082854					0.12	0.011703
		0.121	0.06609			0.121	0.083333					0.121	0.011725
		0.122	0.066393			0.122	0.083806					0.122	0.011744
		0.123	0.066694			0.123	0.084277					0.123	0.011763
		0.124	0.066989			0.124	0.08475					0.124	0.011783
		0.125	0.067284			0.125	0.085216					0.125	0.011805
		0.126	0.067579			0.126	0.085679					0.126	0.011824
		0.127	0.067871			0.127	0.086143					0.127	0.011843
		0.128	0.068162			0.128	0.086603					0.128	0.011864
		0.129	0.068447			0.129	0.087061					0.129	0.011883
		0.13	0.068734			0.13	0.087518					0.13	0.011901
		0.131	0.069016			0.131	0.087971					0.131	0.01192
		0.132	0.069299			0.132	0.088422					0.132	0.011938
		0.133	0.069577			0.133	0.088869					0.133	0.011956
		0.134	0.069856			0.134	0.089318					0.134	0.011974
		0.135	0.070131			0.135	0.089761					0.135	0.011992
		0.136	0.070403			0.136	0.090203					0.136	0.01201
		0.137	0.070675			0.137	0.090643					0.137	0.012029
		0.138	0.070946			0.138	0.09108					0.138	0.012045
		0.139	0.071212			0.139	0.091514					0.139	0.012062
		0.14	0.071477			0.14	0.091949					0.14	0.012078
		0.141	0.071743			0.141	0.09238					0.141	0.012097
		0.142	0.072005			0.142	0.09281					0.142	0.012113
		0.143	0.072268			0.143	0.093237					0.143	0.01213
		0.144	0.072525			0.144	0.093662					0.144	0.012146
		0.145	0.072784			0.145	0.094083					0.145	0.012164
		0.146	0.073039			0.146	0.094505					0.146	0.012177
		0.147	0.073293			0.147	0.094923					0.147	0.012193
		0.148	0.073544			0.148	0.095339					0.148	0.012209
		0.149	0.073793			0.149	0.095753					0.149	0.012225
		0.15	0.074043			0.15	0.096167					0.15	0.01224
		0.151	0.074289			0.151	0.096577					0.151	0.012255
		0.152	0.074535			0.152	0.096984					0.152	0.01227
		0.153	0.074779			0.153	0.097391					0.153	0.012285
		0.154	0.075023			0.154	0.097796					0.154	0.0123
		0.155	0.075264			0.155	0.098198					0.155	0.012315
		0.156	0.075503			0.156	0.098597					0.156	0.012329
		0.157	0.075739			0.157	0.098997					0.157	0.012344
		0.158	0.075978			0.158	0.099395					0.158	0.012357
		0.159	0.07621			0.159	0.099789					0.159	0.012373
		0.16	0.076443			0.16	0.100181					0.16	0.012387
		0.161	0.076675			0.161	0.100573					0.161	0.012402
		0.162	0.076906			0.162	0.100964					0.162	0.012414
		0.163	0.077135			0.163	0.10135					0.163	0.012428
		0.164	0.077363			0.164	0.101736					0.164	0.01244
		0.165	0.077588			0.165	0.10212					0.165	0.012454
		0.166	0.077813			0.166	0.102501					0.166	0.012468
		0.167	0.078032			0.167	0.102883					0.167	0.01248
		0.168	0.078257			0.168	0.10326					0.168	0.012493
		0.169	0.078474			0.169	0.103636					0.169	0.012506
		0.17	0.078696			0.17	0.104013					0.17	0.012519
		0.171	0.078912			0.171	0.104384					0.171	0.012533
		0.172	0.079129			0.172	0.104757					0.172	0.012546
		0.173	0.079345			0.173	0.105125					0.173	0.012557
		0.174	0.079559			0.174	0.105494					0.174	0.01257
		0.175	0.07977			0.175	0.105859					0.175	0.012582
		0.176	0.07998			0.176	0.106223					0.176	0.012593
		0.177	0.080191			0.177	0.106587					0.177	0.012607
		0.178	0.080398			0.178	0.106946					0.178	0.012619
		0.179	0.080606			0.179	0.107307					0.179	0.01263
		0.18	0.080812			0.18	0.107665					0.18	0.012641
		0.181	0.081015			0.181	0.10802					0.181	0.012655
		0.182	0.081219			0.182	0.108376					0.182	0.012665
		0.183	0.081422			0.183	0.108728					0.183	0.012678
		0.184	0.081621			0.184	0.109079					0.184	0.012687
		0.185	0.081821			0.185	0.10943					0.185	0.012699
		0.186	0.082022			0.186	0.109777					0.186	0.012711
		0.187	0.08222			0.187	0.110122					0.187	0.012722
		0.188	0.082414			0.188	0.110468					0.188	0.012732
		0.189	0.08261			0.189	0.110811					0.189	0.012743
		0.19	0.082803			0.19	0.111152					0.19	0.012754
		0.191	0.082997			0.191	0.111493					0.191	0.012766
		0.192	0.083187			0.192	0.111831					0.192	0.012777
		0.193	0.083379			0.193	0.112168					0.193	0.012787
		0.194	0.08357			0.194	0.112505					0.194	0.012798
		0.195	0.083758			0.195	0.112839					0.195	0.012807
		0.196	0.083944			0.196	0.11317					0.196	0.012818
		0.197	0.08413			0.197	0.113501					0.197	0.012828
		0.198	0.084314			0.198	0.11383					0.198	0.012838
		0.199	0.084499			0.199	0.114159					0.199	0.012849
		0.2	0.084682			0.2	0.114485					0.2	0.012859
		0.201	0.084866			0.201	0.114811					0.201	0.012868
		0.202	0.085045			0.202	0.115135					0.202	0.012879
		0.203	0.085225			0.203	0.115457					0.203	0.012888
		0.204	0.085403			0.204	0.115777					0.204	0.012898
		0.205	0.085583			0.205	0.116097					0.205	0.012908
		0.206	0.08576			0.206	0.116415					0.206	0.012917
		0.207	0.085935			0.207	0.116732					0.207	0.012926
		0.208	0.086111			0.208	0.117046					0.208	0.012936
		0.209	0.086284			0.209	0.117359					0.209	0.012946
		0.21	0.086459			0.21	0.117672					0.21	0.012957
		0.211	0.08663			0.211	0.117984					0.211	0.012965
		0.212	0.086801			0.212	0.118293					0.212	0.012973
		0.213	0.086972			0.213	0.118602					0.213	0.012983
		0.214	0.087142			0.214	0.118909					0.214	0.012991
		0.215	0.087309			0.215	0.119214					0.215	0.013002
		0.216	0.087476			0.216	0.119519					0.216	0.013011
		0.217	0.087645			0.217	0.119822					0.217	0.013019
		0.218	0.087809			0.218	0.120123					0.218	0.013027
		0.219	0.087974			0.219	0.120425					0.219	0.013035
		0.22	0.088138			0.22	0.120722					0.22	0.013045
		0.221	0.088301			0.221	0.121019					0.221	0.013053
		0.222	0.088464			0.222	0.121316					0.222	0.013063
		0.223	0.088624			0.223	0.121612					0.223	0.013071
		0.224	0.088783			0.224	0.121905					0.224	0.013079
		0.225	0.088944			0.225	0.122198					0.225	0.013087
		0.226	0.089101			0.226	0.122489					0.226	0.013096
		0.227	0.089261			0.227	0.122779					0.227	0.013104
		0.228	0.089418			0.228	0.123068					0.228	0.013113
		0.229	0.089576			0.229	0.123356					0.229	0.01312
		0.23	0.08973			0.23	0.123643					0.23	0.013128
		0.231	0.089884			0.231	0.123928					0.231	0.013136
		0.232	0.090038			0.232	0.124211					0.232	0.013145
		0.233	0.090191			0.233	0.124494					0.233	0.013154
		0.234	0.090344			0.234	0.124775					0.234	0.01316
		0.235	0.090495			0.235	0.125055					0.235	0.013168
		0.236	0.090645			0.236	0.125334					0.236	0.013177
		0.237	0.090797			0.237	0.125613					0.237	0.013184
		0.238	0.090946			0.238	0.12589					0.238	0.013192
		0.239	0.091095			0.239	0.126166					0.239	0.0132
		0.24	0.091242			0.24	0.126439					0.24	0.013207
		0.241	0.091388			0.241	0.126713					0.241	0.013214
		0.242	0.091535			0.242	0.126986					0.242	0.013222
		0.243	0.091679			0.243	0.127256					0.243	0.01323
		0.244	0.091824			0.244	0.127525					0.244	0.013237
		0.245	0.091968			0.245	0.127794					0.245	0.013244
		0.246	0.092111			0.246	0.128062					0.246	0.013251
		0.247	0.092254			0.247	0.128328					0.247	0.013258
		0.248	0.092395			0.248	0.128593					0.248	0.013265
		0.249	0.092537			0.249	0.128859					0.249	0.013273
		0.25	0.092679			0.25	0.129121					0.25	0.013281
		0.251	0.092818			0.251	0.129383					0.251	0.013287
		0.252	0.092956			0.252	0.129644					0.252	0.013294
		0.253	0.093094			0.253	0.129905					0.253	0.013301
		0.254	0.093232			0.254	0.130163					0.254	0.013308
		0.255	0.093371			0.255	0.130421					0.255	0.013315
		0.256	0.093507			0.256	0.130678					0.256	0.013323
		0.257	0.093642			0.257	0.130933					0.257	0.013329
		0.258	0.093777			0.258	0.131188					0.258	0.013336
		0.259	0.093912			0.259	0.131441					0.259	0.013342
		0.26	0.094045			0.26	0.131693					0.26	0.013349
		0.261	0.094178			0.261	0.131945					0.261	0.013356
		0.262	0.094311			0.262	0.132196					0.262	0.013362
		0.263	0.094441			0.263	0.132445					0.263	0.013368
		0.264	0.094574			0.264	0.132693					0.264	0.013375
		0.265	0.094704			0.265	0.132941					0.265	0.013382
		0.266	0.094835			0.266	0.133187					0.266	0.013388
		0.267	0.094964			0.267	0.133432					0.267	0.013395
		0.268	0.095093			0.268	0.133676					0.268	0.0134
		0.269	0.095219			0.269	0.13392					0.269	0.013407
		0.27	0.095347			0.27	0.134162					0.27	0.013413
		0.271	0.095474			0.271	0.134404					0.271	0.01342
		0.272	0.0956			0.272	0.134644					0.272	0.013426
		0.273	0.095726			0.273	0.134883					0.273	0.013432
		0.274	0.095851			0.274	0.135122					0.274	0.013438
		0.275	0.095977			0.275	0.13536					0.275	0.013444
		0.276	0.096101			0.276	0.135596					0.276	0.013451
		0.277	0.096225			0.277	0.135832					0.277	0.013457
		0.278	0.096347			0.278	0.136066					0.278	0.013463
		0.279	0.09647			0.279	0.136299					0.279	0.013468
		0.28	0.096592			0.28	0.136533					0.28	0.013474
		0.281	0.096712			0.281	0.136765					0.281	0.01348
		0.282	0.096834			0.282	0.136995					0.282	0.013486
		0.283	0.096954			0.283	0.137225					0.283	0.013492
		0.284	0.097074			0.284	0.137454
		0.285	0.097193			0.285	0.137683
		0.286	0.097311			0.286	0.13791
		0.287	0.097429			0.287	0.138136
		0.288	0.097546			0.288	0.138362
		0.289	0.097663			0.289	0.138587
		0.29	0.097779			0.29	0.138809
		0.291	0.097895
		0.292	0.098012
		0.293	0.098126
		0.294	0.098241
		0.295	0.098355
		0.296	0.098468
		0.297	0.098579
		0.298	0.098692
		0.299	0.098805
		0.3	0.098916
		0.301	0.099026
		0.302	0.099137
		0.303	0.099247
		0.304	0.099357
		0.305	0.099467
		0.306	0.099575
		0.307	0.099683
		0.308	0.099791
		0.309	0.099897
		0.31	0.100005
		0.311	0.100111
		0.312	0.100218
		0.313	0.100322
		0.314	0.100429
		0.315	0.100532
		0.316	0.100636
		0.317	0.10074
		0.318	0.100844
		0.319	0.100947
		0.32	0.101048
		0.321	0.10115
		0.322	0.101252
		0.323	0.101355
		0.324	0.101455
		0.325	0.101554
		0.326	0.101655
		0.327	0.101755
		0.328	0.101853
		0.329	0.101952
		0.33	0.102051
		0.331	0.102149
		0.332	0.102246
		0.333	0.102345
		0.334	0.102441
		0.335	0.102537
		0.336	0.102634
		0.337	0.102728
		0.338	0.102825
		0.339	0.10292
		0.34	0.103014
		0.341	0.103109
		0.342	0.103202
		0.343	0.103295
		0.344	0.103389
		0.345	0.103481
		0.346	0.103574
		0.347	0.103666
		0.348	0.103758
		0.349	0.10385
		0.35	0.10394
		0.351	0.104031
		0.352	0.104121
		0.353	0.104211
		0.354	0.104301
		0.355	0.10439
		0.356	0.104479
		0.357	0.104568
		0.358	0.104656
		0.359	0.104744
		0.36	0.104833
		0.361	0.104919
		0.362	0.105007
		0.363	0.105093
		0.364	0.10518
		0.365	0.105266
		0.366	0.105353
		0.367	0.105437
		0.368	0.105523
		0.369	0.105608
		0.37	0.105692
		0.371	0.105776
		0.372	0.10586
		0.373	0.105944
		0.374	0.106027
		0.375	0.106111
		0.376	0.106194
		0.377	0.106276
		0.378	0.106359
		0.379	0.106441
		0.38	0.106521
		0.381	0.106603
		0.382	0.106685
		0.383	0.106765
		0.384	0.106846
		0.385	0.106926
		0.386	0.107006
		0.387	0.107086
		0.388	0.107165
		0.389	0.107244
		0.39	0.107323
		0.391	0.107401
		0.392	0.10748
		0.393	0.107558
		0.394	0.107636
		0.395	0.107714
		0.396	0.107791
		0.397	0.107868
