Summary Statistic	prune_UCLN_dates.logage(root)	0.PREUCLN_dates_noHyperPrior.logage(root)	0.PEUCLN_dates_noHyperPrior.logage(root)	0.ANTUCLN_dates_noHyperPrior.logage(root)	0.ANT4UCLN_dates_noHyperPrior.logage(root)	3.ANTUCLN_dates_noHyperPrior.logage(root)	4.ANTUCLN_dates_noHyperPrior.logage(root)	2.ANTUCLN_dates_noHyperPrior.logage(root)	2.MEDUCLN_dates_noHyperPrior.logage(root)	1.PREUCLN_dates_noHyperPrior.logage(root)	1.ANTUCLN_dates_noHyperPrior.logage(root)	1.INUCLN_dates_noHyperPrior.logage(root)	1.ORIUCLN_dates_noHyperPrior.logage(root)
mean	6989.7214	1205.8032	250.3828	391.1691	592.3676	131.7943	87.7299	277.3603	273.6988	488.6403	244.9026	183.3646	149.1501
stderr of mean	339.2117	1.6879	5.985	2.3221	0.7168	0.6595	0.4323	3.3463	2.0793	0.5621	0.5955	1.1888	1.0784
stdev	1248.1809	104.2787	103.3356	142.398	67.4947	61.9223	41.0174	113.9091	98.8723	33.0701	56.499	89.7067	36.681
variance	1.558E6	10874.0576	10678.2548	20277.1968	4555.5339	3834.3716	1682.4309	12975.2896	9775.7365	1093.6306	3192.1333	8047.297	1345.498
median	6701.8222	1175.3873	226.4134	361.9487	570.5477	115.6404	76.5488	248.9505	249.2524	480.5078	236.6388	159.0343	140.7908
value range	[5092.5503, 15400.0834]	[1090.5241, 1928.3113]	[98.5667, 1482.9287]	[125.2945, 1480.5496]	[527.5096, 1138.0769]	[56.0314, 872.4073]	[38.1035, 498.6843]	[99.4179, 1246.7849]	[134.73, 1576.5035]	[438.2794, 772.2444]	[114.6337, 619.109]	[64.0324, 1346.372]	[101.454, 491.5371]
geometric mean	6889.3912	1201.6764	233.8736	369.2159	588.9901	121.2484	80.7787	259.1444	260.4305	487.5928	238.8491	167.4457	145.8892
95% HPD interval	[5305.9119, 9417.35]	[1090.5241, 1412.3002]	[108.4613, 442.689]	[169.6715, 670.4868]	[527.5096, 726.2136]	[56.5798, 248.0549]	[39.5791, 167.8052]	[128.8758, 508.5708]	[149.5046, 465.7112]	[443.6643, 556.5194]	[149.0603, 358.4587]	[76.0826, 359.4333]	[108.6401, 214.1612]
auto-correlation time (ACT)	6.6485E5	1.0483E6	1.3395E6	2.3938E5	1.0153E5	1.0211E5	1E5	7.7686E5	1.478E5	1.1083E5	1E5	1.5808E5	1.1194E5
effective sample size (ESS)	13.5	3816.2	298	3760.1	8865.1	8815.3	9001	1158.6	2260.4	3460.2	9001	5693.8	1156
number of samples	9001	8001	3992	9001	9001	9001	9001	9001	3341	3835	9001	9001	1294
