sample tstv cds_sites ns_sites ss_sites ns_ss_ratio homo_het_sites homo_sites het_sites het_ratio
GCA_009909635.1_ASM990963v1_genomic 1.854 216 121 51 2.37255 242 216 26 0.107438
GCA_009669545.1_ASM966954v1_genomic 1.935 246 134 60 2.23333 271 246 25 0.0922509
GCA_009669555.1_ASM966955v1_genomic 2.119 241 133 58 2.2931 258 241 17 0.0658915
GCA_009669565.1_ASM966956v1_genomic 2.000 247 135 60 2.25 265 247 18 0.0679245
GCA_009669605.1_ASM966960v1_genomic 2.012 239 132 58 2.27586 260 239 21 0.0807692
GCA_009669625.1_ASM966962v1_genomic 1.884 240 131 60 2.18333 269 240 29 0.107807
GCA_009669675.1_ASM966967v1_genomic 2.071 238 132 59 2.23729 256 238 18 0.0703125
GCA_009669635.1_ASM966963v1_genomic 2.046 241 133 60 2.21667 254 241 13 0.0511811
GCA_009669665.1_ASM966966v1_genomic 2.080 241 131 56 2.33929 262 241 21 0.0801527
GCA_009669725.1_ASM966972v1_genomic 2.000 247 136 60 2.26667 266 247 19 0.0714286
GCA_009669715.1_ASM966971v1_genomic 2.045 244 138 59 2.33898 261 244 17 0.0651341
GCA_009669705.1_ASM966970v1_genomic 2.131 242 131 64 2.04688 269 242 27 0.100372
GCA_009669775.1_ASM966977v1_genomic 2.035 237 132 59 2.23729 259 237 22 0.0849421
GCA_009669765.1_ASM966976v1_genomic 1.966 236 134 57 2.35088 256 236 20 0.078125
GCA_009669805.1_ASM966980v1_genomic 2.058 244 135 61 2.21311 275 244 31 0.112727
GCA_009669825.1_ASM966982v1_genomic 2.022 243 133 62 2.14516 255 243 12 0.0470588
GCA_009669835.1_ASM966983v1_genomic 2.034 241 135 59 2.28814 259 241 18 0.0694981
GCA_009669845.1_ASM966984v1_genomic 2.080 244 134 60 2.23333 263 244 19 0.0722433
GCA_009669875.1_ASM966987v1_genomic 2.024 235 131 57 2.29825 255 235 20 0.0784314
GCA_009669905.1_ASM966990v1_genomic 1.989 246 137 60 2.28333 263 246 17 0.0646388
GCA_009669955.1_ASM966995v1_genomic 2.148 234 130 56 2.32143 251 234 17 0.0677291
GCA_009669925.1_ASM966992v1_genomic 2.035 239 134 58 2.31034 258 239 19 0.0736434
GCA_009669935.1_ASM966993v1_genomic 2.034 243 134 59 2.27119 260 243 17 0.0653846
GCA_009669975.1_ASM966997v1_genomic 2.061 231 129 56 2.30357 246 231 15 0.0609756
GCA_009670005.1_ASM967000v1_genomic 1.910 238 133 59 2.25424 264 238 26 0.0984848
GCA_009670045.1_ASM967004v1_genomic 2.047 239 132 60 2.2 264 239 25 0.094697
GCA_009670015.1_ASM967001v1_genomic 2.023 239 132 61 2.16393 258 239 19 0.0736434
GCA_009670055.1_ASM967005v1_genomic 1.956 245 134 63 2.12698 278 245 33 0.118705
GCA_009670075.1_ASM967007v1_genomic 1.989 241 132 60 2.2 261 241 20 0.0766284
GCA_009670115.1_ASM967011v1_genomic 1.989 250 138 61 2.2623 267 250 17 0.0636704
GCA_009667895.1_ASM966789v1_genomic 2.023 240 130 57 2.2807 263 240 23 0.0874525
GCA_009670135.1_ASM967013v1_genomic 2.111 235 130 56 2.32143 251 235 16 0.063745
GCA_009670155.1_ASM967015v1_genomic 2.035 239 130 61 2.13115 255 239 16 0.0627451
GCA_009670105.1_ASM967010v1_genomic 2.000 240 134 59 2.27119 260 240 20 0.0769231
GCA_009670185.1_ASM967018v1_genomic 1.955 240 135 57 2.36842 268 240 28 0.104478
GCA_009670205.1_ASM967020v1_genomic 1.924 246 134 61 2.19672 278 246 32 0.115108
GCA_009670225.1_ASM967022v1_genomic 2.092 245 134 59 2.27119 261 245 16 0.0613027
GCA_009670235.1_ASM967023v1_genomic 2.045 244 133 60 2.21667 260 244 16 0.0615385
GCA_009670245.1_ASM967024v1_genomic 2.056 243 136 57 2.38596 260 243 17 0.0653846
GCA_009667925.1_ASM966792v1_genomic 2.023 238 133 58 2.2931 267 238 29 0.108614
GCA_009670285.1_ASM967028v1_genomic 1.881 250 136 59 2.30508 272 250 22 0.0808824
GCA_009670305.1_ASM967030v1_genomic 1.989 245 136 59 2.30508 262 245 17 0.0648855
GCA_009670345.1_ASM967034v1_genomic 1.968 247 133 61 2.18033 264 247 17 0.0643939
GCA_009667935.1_ASM966793v1_genomic 1.956 244 135 60 2.25 274 244 30 0.109489
GCA_009670355.1_ASM967035v1_genomic 2.047 235 134 58 2.31034 258 235 23 0.0891473
GCA_009670325.1_ASM967032v1_genomic 1.988 236 131 60 2.18333 261 236 25 0.0957854
GCA_009667885.1_ASM966788v1_genomic 1.957 249 141 60 2.35 269 249 20 0.0743494
GCA_009670385.1_ASM967038v1_genomic 2.081 240 131 60 2.18333 259 240 19 0.0733591
GCA_009667945.1_ASM966794v1_genomic 2.044 247 134 61 2.19672 263 247 16 0.0608365
GCA_009670415.1_ASM967041v1_genomic 1.896 250 136 60 2.26667 270 250 20 0.0740741
GCA_009667985.1_ASM966798v1_genomic 1.948 250 137 59 2.32203 266 250 16 0.0601504
GCA_009670395.1_ASM967039v1_genomic 1.827 246 134 61 2.19672 262 246 16 0.0610687
GCA_009670445.1_ASM967044v1_genomic 2.000 246 137 60 2.28333 273 246 27 0.0989011
GCA_009670465.1_ASM967046v1_genomic 1.854 250 136 63 2.15873 270 250 20 0.0740741
GCA_009670485.1_ASM967048v1_genomic 2.000 249 135 61 2.21311 273 249 24 0.0879121
GCA_009670475.1_ASM967047v1_genomic 2.094 241 132 57 2.31579 275 241 34 0.123636
GCA_009670515.1_ASM967051v1_genomic 2.079 249 138 62 2.22581 273 249 24 0.0879121
GCA_009670545.1_ASM967054v1_genomic 1.946 245 132 59 2.23729 270 245 25 0.0925926
GCA_009670565.1_ASM967056v1_genomic 1.862 244 131 59 2.22034 269 244 25 0.0929368
GCA_009670575.1_ASM967057v1_genomic 1.924 243 138 57 2.42105 264 243 21 0.0795455
GCA_009670625.1_ASM967062v1_genomic 2.095 238 131 58 2.25862 258 238 20 0.0775194
GCA_009670585.1_ASM967058v1_genomic 2.000 242 134 59 2.27119 259 242 17 0.0656371
GCA_009670605.1_ASM967060v1_genomic 2.011 243 135 60 2.25 266 243 23 0.0864662
GCA_009670665.1_ASM967066v1_genomic 2.122 235 127 60 2.11667 252 235 17 0.0674603
GCA_009670675.1_ASM967067v1_genomic 1.978 244 138 59 2.33898 266 244 22 0.0827068
GCA_009670725.1_ASM967072v1_genomic 1.933 238 132 59 2.23729 267 238 29 0.108614
GCA_009670705.1_ASM967070v1_genomic 1.966 238 131 60 2.18333 266 238 28 0.105263
GCA_009670715.1_ASM967071v1_genomic 2.037 228 126 58 2.17241 256 228 28 0.109375
GCA_009670775.1_ASM967077v1_genomic 2.000 235 133 56 2.375 259 235 24 0.0926641
GCA_009670765.1_ASM967076v1_genomic 2.071 238 133 58 2.2931 266 238 28 0.105263
GCA_009670785.1_ASM967078v1_genomic 2.058 239 131 58 2.25862 253 239 14 0.055336
GCA_009670835.1_ASM967083v1_genomic 2.072 233 131 56 2.33929 248 233 15 0.0604839
GCA_009670815.1_ASM967081v1_genomic 2.012 237 134 58 2.31034 263 237 26 0.0988593
GCA_009670865.1_ASM967086v1_genomic 2.081 241 133 60 2.21667 255 241 14 0.054902
GCA_009670875.1_ASM967087v1_genomic 2.000 236 133 58 2.2931 263 236 27 0.102662
GCA_009670895.1_ASM967089v1_genomic 1.989 242 136 60 2.26667 274 242 32 0.116788
GCA_009670905.1_ASM967090v1_genomic 2.024 232 131 56 2.33929 254 232 22 0.0866142
GCA_009670935.1_ASM967093v1_genomic 2.122 236 130 59 2.20339 251 236 15 0.059761
GCA_009670995.1_ASM967099v1_genomic 2.011 240 135 58 2.32759 264 240 24 0.0909091
GCA_009296005.1_ASM929600v1_genomic 1.739 218 116 49 2.36735 256 218 38 0.148438
GCA_009363195.1_ASM936319v1_genomic 1.578 180 87 40 2.175 220 180 40 0.181818
GCA_009295945.1_ASM929594v1_genomic 1.718 162 80 37 2.16216 185 162 23 0.124324
GCA_008630485.1_ASM863048v1_genomic 1.667 221 123 53 2.32075 226 221 5 0.0221239
GCA_008630455.1_ASM863045v1_genomic 1.784 584 319 134 2.3806 589 584 5 0.00848896
GCA_008630435.1_ASM863043v1_genomic 1.928 281 156 71 2.19718 299 281 18 0.0602007
GCA_008630415.1_ASM863041v1_genomic 1.717 580 320 133 2.40602 583 580 3 0.0051458
GCA_008630395.1_ASM863039v1_genomic 1.872 222 122 52 2.34615 233 222 11 0.0472103
GCA_008630575.1_ASM863057v1_genomic 1.625 219 120 55 2.18182 233 219 14 0.0600858
GCA_008630375.1_ASM863037v1_genomic 0.703 320 153 72 2.125 321 320 1 0.00311526
GCA_008630375.2_ASM863037v2_genomic 0.631 305 150 74 2.02703 305 305 0 0
GCA_006546745.1_ASM654674v1_genomic 1.580 396 201 96 2.09375 415 396 19 0.0457831
GCA_006546725.1_ASM654672v1_genomic 1.571 398 198 98 2.02041 402 398 4 0.00995025
GCA_006546665.1_ASM654666v1_genomic 1.616 404 201 100 2.01 427 404 23 0.0538642
GCA_006517425.1_ASM651742v1_genomic 1.534 404 198 106 1.86792 423 404 19 0.0449173
GCA_000834775.1_ASM83477v1_genomic 1.071 29 16 4 4 35 29 6 0.171429
GCA_000834335.1_ASM83433v1_genomic 1.000 29 15 5 3 31 29 2 0.0645161
GCA_000734805.1_ASM73480v1_genomic 1.911 147 80 35 2.28571 177 147 30 0.169492
GCA_000834275.1_ASM83427v1_genomic 4.227 427 237 102 2.32353 466 427 39 0.083691
GCA_000169615.1_ASM16961v1_genomic 3.102 226 115 52 2.21154 237 226 11 0.0464135
GCA_000169635.1_ASM16963v1_genomic 1.102 67 34 15 2.26667 89 67 22 0.247191
GCA_000169655.1_ASM16965v1_genomic 1.829 195 105 43 2.44186 216 195 21 0.0972222
GCA_000169675.1_ASM16967v1_genomic 2.367 149 82 32 2.5625 198 149 49 0.247475
GCA_000170275.1_ASM17027v1_genomic 1.400 68 33 18 1.83333 104 68 36 0.346154
GCA_000168235.2_ASM16823v2_genomic 1.379 62 31 11 2.81818 88 62 26 0.295455
GCA_000182525.1_ASM18252v1_genomic 1.625 76 42 18 2.33333 98 76 22 0.22449
GCA_000182505.1_ASM18250v1_genomic 1.320 48 27 11 2.45455 85 48 37 0.435294
GCA_000324785.1_ASM32478v1_genomic 1.759 76 43 20 2.15 76 76 0 0
GCA_006376585.1_ASM637658v1_genomic 1.812 579 319 131 2.43511 582 579 3 0.00515464
GCA_006376575.1_ASM637657v1_genomic 1.479 214 117 50 2.34 223 214 9 0.0403587
GCA_006376535.1_ASM637653v1_genomic 1.016 232 132 50 2.64 244 232 12 0.0491803
GCA_006376535.2_ASM637653v2_genomic 0.857 288 157 61 2.57377 302 288 14 0.0463576
GCA_006376545.1_ASM637654v1_genomic 1.523 638 358 135 2.65185 647 638 9 0.0139104
GCA_006376505.1_ASM637650v1_genomic 1.503 639 363 129 2.81395 641 639 2 0.00312012
GCA_006376495.1_ASM637649v1_genomic 1.719 218 123 45 2.73333 229 218 11 0.0480349
GCA_006376475.1_ASM637647v1_genomic 1.558 211 115 46 2.5 235 211 24 0.102128
GCA_006376435.1_ASM637643v1_genomic 1.719 220 119 51 2.33333 245 220 25 0.102041
GCA_006376415.1_ASM637641v1_genomic 1.598 218 119 50 2.38 230 218 12 0.0521739
GCA_003086155.1_ASM308615v1_genomic 1.652 214 119 49 2.42857 242 214 28 0.115702
GCA_001617725.1_Yersinia_pestis_M-1484_genomic 1.433 256 149 54 2.75926 280 256 24 0.0857143
GCA_001617705.1_Yersinia_pestis_C-791_genomic 1.767 215 121 49 2.46939 237 215 22 0.092827
GCA_000834495.1_ASM83449v1_genomic 1.250 34 17 6 2.83333 37 34 3 0.0810811
GCA_000986995.1_YPES001-SEQ-2-ASM-1_genomic 1.029 126 57 25 2.28 144 126 18 0.125
GCA_003797205.1_ASM379720v1_genomic 2.048 61 29 11 2.63636 84 61 23 0.27381
GCA_003798085.1_ASM379808v1_genomic 1.435 55 32 11 2.90909 72 55 17 0.236111
GCA_003798225.1_ASM379822v1_genomic 2.948 213 110 47 2.34043 242 213 29 0.119835
GCA_900460465.1_57940_B01_genomic 1.706 43 23 9 2.55556 64 43 21 0.328125
GCA_001487065.1_Yersinia_pestis_genomic 0.796 209 93 42 2.21429 212 209 3 0.0141509
GCA_004023595.1_ASM402359v1_genomic 1.987 209 113 50 2.26 225 209 16 0.0711111
GCA_004023585.1_ASM402358v1_genomic 1.934 206 111 52 2.13462 226 206 20 0.0884956
GCA_002188775.1_ASM218877v1_genomic 0.991 575 319 134 2.3806 619 575 44 0.0710824
GCA_002188725.1_ASM218872v1_genomic 0.877 581 332 135 2.45926 619 581 38 0.0613893
GCA_002188765.1_ASM218876v1_genomic 0.886 644 369 149 2.47651 687 644 43 0.062591
GCA_002188685.1_ASM218868v1_genomic 1.007 539 304 126 2.4127 585 539 46 0.0786325
GCA_002173795.1_ASM217379v1_genomic 1.077 496 267 117 2.28205 546 496 50 0.0915751
GCA_001972475.1_ASM197247v1_genomic 0.874 615 345 135 2.55556 655 615 40 0.0610687
GCA_002173805.1_ASM217380v1_genomic 0.810 667 400 138 2.89855 710 667 43 0.0605634
GCA_001972515.1_ASM197251v1_genomic 0.969 545 306 122 2.5082 590 545 45 0.0762712
GCA_002173815.1_ASM217381v1_genomic 1.025 558 309 125 2.472 605 558 47 0.077686
GCA_001972405.1_ASM197240v1_genomic 1.168 821 474 194 2.4433 849 821 28 0.03298
GCA_001972385.1_ASM197238v1_genomic 0.980 959 569 219 2.59817 984 959 25 0.0254065
GCA_001972395.1_ASM197239v1_genomic 1.032 861 498 188 2.64894 885 861 24 0.0271186
GCA_001972465.1_ASM197246v1_genomic 1.089 834 496 195 2.54359 858 834 24 0.027972
GCA_002127355.1_ASM212735v1_genomic 1.579 646 357 154 2.31818 673 646 27 0.0401189
GCA_002127375.1_ASM212737v1_genomic 1.770 604 333 137 2.43066 632 604 28 0.0443038
GCA_002165475.1_ASM216547v1_genomic 1.237 754 426 174 2.44828 781 754 27 0.0345711
GCA_002127365.1_ASM212736v1_genomic 1.305 712 390 175 2.22857 741 712 29 0.0391363
GCA_001295055.1_ASM129505v1_genomic 1.613 656 364 138 2.63768 669 656 13 0.019432
GCA_001294915.1_ASM129491v1_genomic 1.562 649 358 138 2.5942 671 649 22 0.0327869
GCA_001295025.1_ASM129502v1_genomic 1.630 392 195 95 2.05263 410 392 18 0.0439024
GCA_001294905.1_ASM129490v1_genomic 1.623 643 361 132 2.73485 657 643 14 0.021309
GCA_001294985.1_ASM129498v1_genomic 1.639 650 360 133 2.70677 655 650 5 0.00763359
GCA_001295115.1_ASM129511v1_genomic 1.428 396 204 92 2.21739 423 396 27 0.0638298
GCA_001295065.1_ASM129506v1_genomic 1.591 640 359 129 2.78295 659 640 19 0.0288316
GCA_001295185.1_ASM129518v1_genomic 1.610 646 363 132 2.75 662 646 16 0.0241692
GCA_001294975.1_ASM129497v1_genomic 1.536 432 222 93 2.3871 453 432 21 0.0463576
GCA_001294965.1_ASM129496v1_genomic 1.456 386 199 89 2.23596 414 386 28 0.0676329
GCA_001295045.1_ASM129504v1_genomic 1.618 649 358 139 2.57554 670 649 21 0.0313433
GCA_001295145.1_ASM129514v1_genomic 1.672 429 218 91 2.3956 444 429 15 0.0337838
GCA_001294885.1_ASM129488v1_genomic 1.433 452 233 102 2.28431 473 452 21 0.0443975
GCA_001294805.1_ASM129480v1_genomic 1.518 432 213 93 2.29032 450 432 18 0.04
GCA_001294815.1_ASM129481v1_genomic 1.553 656 364 139 2.61871 664 656 8 0.0120482
GCA_001294825.1_ASM129482v1_genomic 1.845 580 321 131 2.45038 585 580 5 0.00854701
GCA_000950945.1_ASM95094v1_genomic 1.323 429 216 108 2 439 429 10 0.022779
GCA_003122795.1_Y.pestis_I-2422_genomic 1.514 389 197 93 2.11828 399 389 10 0.0250627
GCA_002981995.1_ASM298199v1_genomic 1.380 454 225 111 2.02703 488 454 34 0.0696721
GCA_002981925.1_ASM298192v1_genomic 1.538 415 204 97 2.10309 439 415 24 0.0546697
GCA_002981915.1_ASM298191v1_genomic 1.461 427 212 104 2.03846 468 427 41 0.0876068
GCA_002981955.1_ASM298195v1_genomic 1.375 461 231 110 2.1 491 461 30 0.0610998
GCA_002981895.1_ASM298189v1_genomic 1.511 422 203 105 1.93333 453 422 31 0.0684327
GCA_001295105.1_ASM129510v1_genomic 1.600 646 364 133 2.73684 655 646 9 0.0137405
GCA_003074535.1_ASM307453v1_genomic 1.953 166 84 42 2 186 166 20 0.107527
GCA_003074595.1_ASM307459v1_genomic 1.791 161 84 43 1.95349 186 161 25 0.134409
GCA_003074335.1_ASM307433v1_genomic 1.641 216 120 47 2.55319 227 216 11 0.0484581
GCA_003074255.1_ASM307425v1_genomic 2.333 164 80 41 1.95122 184 164 20 0.108696
GCA_003074175.1_ASM307417v1_genomic 1.522 417 211 88 2.39773 430 417 13 0.0302326
GCA_002993145.1_ASM299314v1_genomic 1.622 646 356 141 2.52482 668 646 22 0.0329341
GCA_002005285.1_ASM200528v1_genomic 0.684 202 95 48 1.97917 231 202 29 0.125541
GCA_003074435.1_ASM307443v1_genomic 1.601 643 363 131 2.77099 649 643 6 0.00924499
GCA_003074415.1_ASM307441v1_genomic 1.618 653 361 136 2.65441 661 653 8 0.0121029
GCA_003074395.1_ASM307439v1_genomic 1.648 638 358 133 2.69173 647 638 9 0.0139104
GCA_003074375.1_ASM307437v1_genomic 1.736 223 122 47 2.59574 245 223 22 0.0897959
GCA_003074355.1_ASM307435v1_genomic 1.707 223 120 51 2.35294 238 223 15 0.0630252
GCA_003074315.1_ASM307431v1_genomic 1.719 146 77 37 2.08108 170 146 24 0.141176
GCA_003074295.1_ASM307429v1_genomic 1.678 214 115 50 2.3 243 214 29 0.119342
GCA_003074275.1_ASM307427v1_genomic 1.141 201 111 45 2.46667 210 201 9 0.0428571
GCA_003074235.1_ASM307423v1_genomic 1.413 151 79 40 1.975 170 151 19 0.111765
GCA_003074215.1_ASM307421v1_genomic 2.065 164 84 40 2.1 183 164 19 0.103825
GCA_003074195.1_ASM307419v1_genomic 1.761 151 80 40 2 178 151 27 0.151685
GCA_003074155.1_ASM307415v1_genomic 1.831 155 82 38 2.15789 170 155 15 0.0882353
GCA_003085995.1_ASM308599v1_genomic 1.688 219 122 51 2.39216 243 219 24 0.0987654
GCA_002412255.1_Y.pestis_A-1836_genomic 0.611 157 85 39 2.17949 191 157 34 0.17801
GCA_003086015.1_ASM308601v1_genomic 1.736 153 84 34 2.47059 176 153 23 0.130682
GCA_003085935.1_ASM308593v1_genomic 1.575 644 357 137 2.60584 646 644 2 0.00309598
GCA_003085975.1_ASM308597v1_genomic 1.600 217 120 49 2.44898 242 217 25 0.103306
GCA_003086055.1_ASM308605v1_genomic 1.826 223 124 52 2.38462 241 223 18 0.0746888
GCA_003085955.1_ASM308595v1_genomic 1.445 389 205 84 2.44048 410 389 21 0.0512195
GCA_003085895.1_ASM308589v1_genomic 1.441 396 203 91 2.23077 410 396 14 0.0341463
GCA_002412245.1_Y.pestis_A-1691_genomic 1.571 173 97 37 2.62162 206 173 33 0.160194
GCA_002412225.1_Y.pestis_A-1486_genomic 2.051 155 84 35 2.4 182 155 27 0.148352
GCA_003085875.1_ASM308587v1_genomic 1.605 637 361 128 2.82031 641 637 4 0.00624025
GCA_002412235.1_Y.pestis_A-1249_genomic 1.391 450 234 101 2.31683 464 450 14 0.0301724
GCA_003085915.1_ASM308591v1_genomic 2.015 155 82 40 2.05 170 155 15 0.0882353
GCA_002412305.1_Y.pestis_A-1809_genomic 0.729 214 110 52 2.11538 234 214 20 0.0854701
GCA_003086095.1_ASM308609v1_genomic 1.553 215 117 51 2.29412 240 215 25 0.104167
GCA_003086115.1_ASM308611v1_genomic 0.459 227 124 56 2.21429 252 227 25 0.0992063
GCA_003086075.1_ASM308607v1_genomic 0.477 226 133 49 2.71429 260 226 34 0.130769
GCA_003086035.1_ASM308603v1_genomic 1.433 391 205 87 2.35632 415 391 24 0.0578313
GCA_001693595.1_ASM169359v1_genomic 0.647 27 14 7 2 28 27 1 0.0357143
GCA_003085855.1_ASM308585v1_genomic 1.614 231 125 54 2.31481 257 231 26 0.101167
GCA_000835005.1_ASM83500v1_genomic 2.661 218 113 53 2.13208 243 218 25 0.102881
GCA_001559935.1_ASM155993v1_genomic 0.828 231 130 52 2.5 258 231 27 0.104651
GCA_001509855.1_ASM150985v1_genomic 1.171 59 27 11 2.45455 59 59 0 0
GCA_001509865.1_ASM150986v1_genomic 2.190 62 21 16 1.3125 62 62 0 0
GCA_001617815.1_Yersinia_pestis_M-1453_genomic 1.806 230 126 56 2.25 241 230 11 0.0456432
GCA_001617805.1_Yersinia_pestis_173_genomic 1.685 216 118 46 2.56522 228 216 12 0.0526316
GCA_001617785.1_Yersinia_pestis_M-549_genomic 1.721 214 118 49 2.40816 236 214 22 0.0932203
GCA_001617715.1_Yersinia_pestis_M-519_genomic 2.225 265 149 60 2.48333 286 265 21 0.0734266
GCA_001617735.1_Yersinia_pestis_M-1763_genomic 2.183 240 128 61 2.09836 248 240 8 0.0322581
GCA_001613895.1_ASM161389v1_genomic 1.710 222 117 51 2.29412 234 222 12 0.0512821
GCA_001613885.1_ASM161388v1_genomic 1.678 210 121 46 2.63043 239 210 29 0.121339
GCA_001613865.1_ASM161386v1_genomic 0.628 211 116 46 2.52174 222 211 11 0.0495495
GCA_001601285.1_ASM160128v1_genomic 1.985 184 93 47 1.97872 207 184 23 0.111111
GCA_001601735.1_ASM160173v1_genomic 0.942 424 221 91 2.42857 447 424 23 0.0514541
GCA_001601675.1_ASM160167v1_genomic 1.018 571 315 133 2.36842 575 571 4 0.00695652
GCA_001595585.1_ASM159558v1_genomic 1.708 219 121 51 2.37255 246 219 27 0.109756
GCA_000834755.1_ASM83475v1_genomic 1.200 41 21 5 4.2 46 41 5 0.108696
GCA_000834905.1_ASM83490v1_genomic 1.435 55 32 11 2.90909 71 55 16 0.225352
GCA_000970105.1_ASM97010v1_genomic 1.747 227 122 50 2.44 262 227 35 0.133588
GCA_001188735.1_ASM118873v1_genomic 1.771 240 126 54 2.33333 270 240 30 0.111111
GCA_001188795.1_ASM118879v1_genomic 1.554 674 368 141 2.60993 685 674 11 0.0160584
GCA_001188775.1_ASM118877v1_genomic 1.545 673 367 138 2.65942 699 673 26 0.037196
GCA_001188755.1_ASM118875v1_genomic 1.617 663 361 141 2.56028 691 663 28 0.040521
GCA_001188325.1_YPY_1_genomic 1.580 674 371 136 2.72794 681 674 7 0.010279
GCA_001188335.1_DYA_1_genomic 1.614 683 373 145 2.57241 693 683 10 0.01443
GCA_001188815.1_ASM118881v1_genomic 1.745 235 121 58 2.08621 262 235 27 0.103053
GCA_001261975.1_YPW_8_IHQD_genomic 1.713 230 123 51 2.41176 267 230 37 0.138577
GCA_001261985.1_YPW_3_IHQD_genomic 1.714 55 30 11 2.72727 81 55 26 0.320988
GCA_001188935.1_ASM118893v1_genomic 1.587 664 363 139 2.61151 694 664 30 0.0432277
GCA_001188715.1_ASM118871v1_genomic 1.568 670 369 133 2.77444 693 670 23 0.033189
GCA_001188695.1_ASM118869v1_genomic 1.583 668 364 142 2.56338 683 668 15 0.0219619
GCA_000006645.1_ASM664v1_genomic 1.832 235 126 52 2.42308 260 235 25 0.0961538
GCA_000022845.1_ASM2284v1_genomic 2.000 80 45 21 2.14286 99 80 19 0.191919
GCA_000022825.1_ASM2282v1_genomic 0.744 176 104 35 2.97143 199 176 23 0.115578
GCA_000022805.1_ASM2280v1_genomic 1.276 151 76 45 1.68889 173 151 22 0.127168
GCA_000007885.1_ASM788v1_genomic 1.431 466 240 96 2.5 506 466 40 0.0790514
GCA_000013825.1_ASM1382v1_genomic 2.883 217 111 48 2.3125 228 217 11 0.0482456
GCA_000475155.2_YP24H_v2_genomic 0.744 75 41 6 6.83333 75 75 0 0
GCA_000475115.2_YP113_v2_genomic 1.056 76 46 12 3.83333 76 76 0 0
GCA_000475095.2_YP009_v2_genomic 0.840 81 49 11 4.45455 81 81 0 0
GCA_000475135.2_YPS03_v2_genomic 1.644 243 117 63 1.85714 246 243 3 0.0121951
GCA_000705315.1_EDB10_058v1_genomic 0.692 40 22 11 2 40 40 0 0
GCA_000324805.2_EV76-CN_genomic 1.118 166 67 42 1.59524 167 166 1 0.00598802
GCA_000182705.1_ASM18270v1_genomic 1.255 231 121 52 2.32692 254 231 23 0.0905512
GCA_000834885.1_ASM83488v1_genomic 3.909 401 226 95 2.37895 438 401 37 0.0844749
GCA_000269245.1_ASM26924v1_genomic 1.882 89 41 21 1.95238 89 89 0 0
GCA_000269465.1_ASM26946v1_genomic 2.344 125 41 20 2.05 137 125 12 0.0875912
GCA_000269165.1_ASM26916v1_genomic 1.595 88 43 28 1.53571 88 88 0 0
GCA_000268705.1_ASM26870v1_genomic 1.563 74 35 21 1.66667 77 74 3 0.038961
GCA_000268505.1_ASM26850v1_genomic 1.657 86 38 27 1.40741 86 86 0 0
GCA_000268645.1_ASM26864v1_genomic 1.333 74 36 19 1.89474 75 74 1 0.0133333
GCA_000268465.1_ASM26846v1_genomic 2.063 90 40 20 2 92 90 2 0.0217391
GCA_000268625.1_ASM26862v1_genomic 2.000 77 37 22 1.68182 79 77 2 0.0253165
GCA_000268605.1_ASM26860v1_genomic 1.538 60 33 14 2.35714 61 60 1 0.0163934
GCA_000268445.1_ASM26844v1_genomic 1.771 87 35 20 1.75 87 87 0 0
GCA_000268425.1_ASM26842v1_genomic 3.182 85 31 22 1.40909 85 85 0 0
GCA_000268405.1_ASM26840v1_genomic 1.492 97 37 26 1.42308 97 97 0 0
GCA_001188675.1_ASM118867v1_genomic 2.212 158 85 34 2.5 196 158 38 0.193878
GCA_000590535.1_EV_NIIEG_genomic 0.950 55 31 9 3.44444 66 55 11 0.166667
GCA_000590535.2_ASM59053v2_genomic 1.429 50 28 9 3.11111 73 50 23 0.315068
GCA_000311885.1_ASM31188v1_genomic 1.600 63 32 14 2.28571 63 63 0 0
GCA_000255855.1_ASM25585v1_genomic 1.435 47 23 9 2.55556 50 47 3 0.06
GCA_000255835.1_ASM25583v1_genomic 1.316 40 20 6 3.33333 40 40 0 0
GCA_000255815.1_ASM25581v1_genomic 1.188 34 18 5 3.6 34 34 0 0
GCA_000255735.1_ASM25573v1_genomic 2.273 31 13 6 2.16667 32 31 1 0.03125
GCA_000255795.1_ASM25579v1_genomic 1.385 30 15 5 3 32 30 2 0.0625
GCA_000255755.1_ASM25575v1_genomic 0.913 35 19 7 2.71429 36 35 1 0.0277778
GCA_000255895.1_ASM25589v1_genomic 1.444 41 20 8 2.5 44 41 3 0.0681818
GCA_000255875.1_ASM25587v1_genomic 1.263 40 19 8 2.375 44 40 4 0.0909091
GCA_000255775.1_ASM25577v1_genomic 1.385 28 15 4 3.75 31 28 3 0.0967742
GCA_000182485.1_ASM18248v1_genomic 1.602 200 102 45 2.26667 234 200 34 0.145299
GCA_000181455.2_ASM18145v2_genomic 1.357 32 15 5 3 39 32 7 0.179487
GCA_000325485.1_ASM32548v1_genomic 1.667 54 28 16 1.75 54 54 0 0
GCA_000325465.1_ASM32546v1_genomic 1.485 78 42 22 1.90909 78 78 0 0
GCA_000325445.1_ASM32544v1_genomic 1.522 56 29 16 1.8125 56 56 0 0
GCA_000325425.1_ASM32542v1_genomic 1.636 56 31 17 1.82353 56 56 0 0
GCA_000325405.1_ASM32540v1_genomic 1.520 58 31 18 1.72222 58 58 0 0
GCA_000325385.1_ASM32538v1_genomic 1.917 66 35 19 1.84211 66 66 0 0
GCA_000325365.1_ASM32536v1_genomic 1.778 69 38 19 2 69 69 0 0
GCA_000325345.1_ASM32534v1_genomic 1.609 168 98 41 2.39024 168 168 0 0
GCA_000325325.1_ASM32532v1_genomic 1.800 172 99 41 2.41463 172 172 0 0
GCA_000325305.1_ASM32530v1_genomic 2.057 148 76 42 1.80952 148 148 0 0
GCA_000325285.1_ASM32528v1_genomic 1.942 142 75 38 1.97368 142 142 0 0
GCA_000325265.1_ASM32526v1_genomic 2.020 140 72 37 1.94595 140 140 0 0
GCA_000325245.1_ASM32524v1_genomic 1.817 156 83 40 2.075 156 156 0 0
GCA_000325225.1_ASM32522v1_genomic 1.618 137 74 35 2.11429 138 137 1 0.00724638
GCA_000325205.1_ASM32520v1_genomic 2.185 160 82 44 1.86364 160 160 0 0
GCA_000325185.1_ASM32518v1_genomic 1.516 375 207 80 2.5875 375 375 0 0
GCA_000325165.1_ASM32516v1_genomic 1.548 75 45 15 3 75 75 0 0
GCA_000325125.1_ASM32512v1_genomic 1.712 183 105 43 2.44186 183 183 0 0
GCA_000325105.1_ASM32510v1_genomic 1.815 172 98 39 2.51282 172 172 0 0
GCA_000325085.1_ASM32508v1_genomic 1.597 184 104 41 2.53659 184 184 0 0
GCA_000325065.1_ASM32506v1_genomic 1.838 183 104 45 2.31111 183 183 0 0
GCA_000325045.1_ASM32504v1_genomic 1.700 178 102 41 2.4878 178 178 0 0
GCA_000325025.1_ASM32502v1_genomic 1.806 174 98 41 2.39024 174 174 0 0
GCA_000325005.1_ASM32500v1_genomic 1.818 174 102 38 2.68421 174 174 0 0
GCA_000324985.1_ASM32498v1_genomic 1.738 164 95 37 2.56757 164 164 0 0
GCA_000324965.1_ASM32496v1_genomic 1.855 164 89 38 2.34211 164 164 0 0
GCA_000324945.1_ASM32494v1_genomic 1.746 163 92 40 2.3 163 163 0 0
GCA_000324925.1_ASM32492v1_genomic 1.283 656 378 143 2.64336 656 656 0 0
GCA_000324905.1_ASM32490v1_genomic 1.917 164 94 36 2.61111 164 164 0 0
GCA_000324885.1_ASM32488v1_genomic 1.881 159 93 35 2.65714 159 159 0 0
GCA_000324865.1_ASM32486v1_genomic 1.400 57 32 15 2.13333 57 57 0 0
GCA_000324845.1_ASM32484v1_genomic 1.759 77 43 20 2.15 77 77 0 0
GCA_000324825.1_ASM32482v1_genomic 1.038 49 32 7 4.57143 49 49 0 0
GCA_000324765.1_ASM32476v1_genomic 1.667 67 37 18 2.05556 67 67 0 0
GCA_000324745.1_ASM32474v1_genomic 1.618 79 43 18 2.38889 79 79 0 0
GCA_000324725.1_ASM32472v1_genomic 1.929 76 42 16 2.625 76 76 0 0
GCA_000324705.1_ASM32470v1_genomic 2.455 75 42 17 2.47059 75 75 0 0
GCA_000324685.1_ASM32468v1_genomic 1.656 81 48 16 3 81 81 0 0
GCA_000324665.1_ASM32466v1_genomic 1.549 381 207 81 2.55556 381 381 0 0
GCA_000324645.1_ASM32464v1_genomic 1.440 56 30 17 1.76471 56 56 0 0
GCA_000324625.1_ASM32462v1_genomic 1.094 66 41 15 2.73333 66 66 0 0
GCA_000324605.1_ASM32460v1_genomic 1.676 176 100 41 2.43902 176 176 0 0
GCA_000324585.1_ASM32458v1_genomic 1.912 153 84 39 2.15385 153 153 0 0
GCA_000324565.1_ASM32456v1_genomic 1.903 170 91 41 2.21951 170 170 0 0
GCA_000324545.1_ASM32454v1_genomic 1.774 161 89 40 2.225 161 161 0 0
GCA_000324525.1_ASM32452v1_genomic 1.446 408 223 93 2.39785 408 408 0 0
GCA_000324505.1_ASM32450v1_genomic 1.672 166 90 40 2.25 166 166 0 0
GCA_000324485.1_ASM32448v1_genomic 1.726 166 97 40 2.425 166 166 0 0
GCA_000324465.1_ASM32446v1_genomic 1.512 380 209 84 2.4881 380 380 0 0
GCA_000324445.1_ASM32444v1_genomic 1.871 169 94 41 2.29268 169 169 0 0
GCA_000324425.1_ASM32442v1_genomic 1.700 53 30 15 2 53 53 0 0
GCA_000324405.1_ASM32440v1_genomic 1.656 82 48 21 2.28571 82 82 0 0
GCA_000324385.1_ASM32438v1_genomic 1.958 66 36 17 2.11765 66 66 0 0
GCA_000324365.1_ASM32436v1_genomic 1.412 78 43 20 2.15 78 78 0 0
GCA_000324345.1_ASM32434v1_genomic 1.895 242 137 61 2.2459 242 242 0 0
GCA_000324325.1_ASM32432v1_genomic 1.800 118 63 31 2.03226 118 118 0 0
GCA_000324305.1_ASM32430v1_genomic 1.839 167 89 41 2.17073 167 167 0 0
GCA_000324285.1_ASM32428v1_genomic 1.875 64 37 16 2.3125 64 64 0 0
GCA_000324265.1_ASM32426v1_genomic 1.889 172 93 40 2.325 172 172 0 0
GCA_000324245.1_ASM32424v1_genomic 1.915 162 89 37 2.40541 162 162 0 0
GCA_000324225.1_ASM32422v1_genomic 2.026 223 127 53 2.39623 223 223 0 0
GCA_000324205.1_ASM32420v1_genomic 1.774 248 141 66 2.13636 248 248 0 0
GCA_000324185.1_ASM32418v1_genomic 1.667 229 133 56 2.375 229 229 0 0
GCA_000324165.1_ASM32416v1_genomic 2.214 129 74 31 2.3871 129 129 0 0
GCA_000324145.1_ASM32414v1_genomic 1.823 164 94 36 2.61111 164 164 0 0
GCA_000324125.1_ASM32412v1_genomic 1.612 162 91 37 2.45946 162 162 0 0
GCA_000324105.1_ASM32410v1_genomic 1.343 74 43 16 2.6875 74 74 0 0
GCA_000324085.1_ASM32408v1_genomic 1.893 75 41 16 2.5625 75 75 0 0
GCA_000324065.1_ASM32406v1_genomic 2.071 119 68 30 2.26667 119 119 0 0
GCA_000324045.1_ASM32404v1_genomic 1.485 381 204 83 2.45783 381 381 0 0
GCA_000324025.1_ASM32402v1_genomic 1.879 176 101 39 2.58974 176 176 0 0
GCA_000324005.1_ASM32400v1_genomic 1.984 169 96 39 2.46154 169 169 0 0
GCA_000323985.1_ASM32398v1_genomic 1.611 43 26 8 3.25 43 43 0 0
GCA_000323965.1_ASM32396v1_genomic 1.571 67 38 16 2.375 67 67 0 0
GCA_000323945.1_ASM32394v1_genomic 1.676 179 104 45 2.31111 179 179 0 0
GCA_000323925.1_ASM32392v1_genomic 2.036 163 90 39 2.30769 163 163 0 0
GCA_000323905.1_ASM32390v1_genomic 1.933 165 91 38 2.39474 165 165 0 0
GCA_000323885.1_ASM32388v1_genomic 2.000 76 41 19 2.15789 76 76 0 0
GCA_000323865.1_ASM32386v1_genomic 2.083 71 41 17 2.41176 71 71 0 0
GCA_000323845.1_ASM32384v1_genomic 1.800 542 314 117 2.68376 542 542 0 0
GCA_000323825.1_ASM32382v1_genomic 2.167 73 42 15 2.8 73 73 0 0
GCA_000323805.1_ASM32380v1_genomic 2.111 80 46 17 2.70588 80 80 0 0
GCA_000323785.1_ASM32378v1_genomic 1.710 78 45 18 2.5 78 78 0 0
GCA_000323765.1_ASM32376v1_genomic 2.109 134 72 36 2 134 134 0 0
GCA_000323745.1_ASM32374v1_genomic 1.382 76 45 15 3 76 76 0 0
GCA_000323725.1_ASM32372v1_genomic 1.725 166 95 36 2.63889 166 166 0 0
GCA_000323705.1_ASM32370v1_genomic 2.233 132 78 30 2.6 132 132 0 0
GCA_000323685.1_ASM32368v1_genomic 1.833 81 45 17 2.64706 81 81 0 0
GCA_000323665.1_ASM32366v1_genomic 1.922 219 128 55 2.32727 219 219 0 0
GCA_000323645.1_ASM32364v1_genomic 1.815 167 94 39 2.41026 167 167 0 0
GCA_000323625.1_ASM32362v1_genomic 1.742 314 180 70 2.57143 314 314 0 0
GCA_000323605.1_ASM32360v1_genomic 1.793 76 46 18 2.55556 76 76 0 0
GCA_000323585.1_ASM32358v1_genomic 1.676 173 97 39 2.48718 173 173 0 0
GCA_000323565.1_ASM32356v1_genomic 1.905 170 101 36 2.80556 170 170 0 0
GCA_000323545.1_ASM32354v1_genomic 2.130 68 40 14 2.85714 68 68 0 0
GCA_000323525.1_ASM32352v1_genomic 2.044 129 68 36 1.88889 129 129 0 0
GCA_000323505.1_ASM32350v1_genomic 2.310 133 74 33 2.24242 133 133 0 0
GCA_000323485.1_ASM32348v1_genomic 1.752 562 316 123 2.56911 564 562 2 0.0035461
GCA_000323465.1_ASM32346v1_genomic 1.667 167 92 37 2.48649 167 167 0 0
GCA_000323445.1_ASM32344v1_genomic 1.893 76 43 17 2.52941 76 76 0 0
GCA_000323425.1_ASM32342v1_genomic 1.688 238 135 60 2.25 238 238 0 0
GCA_000323405.1_ASM32340v1_genomic 2.273 136 78 33 2.36364 136 136 0 0
GCA_000323385.1_ASM32338v1_genomic 1.857 126 73 30 2.43333 126 126 0 0
GCA_000323365.1_ASM32336v1_genomic 2.000 217 123 53 2.32075 217 217 0 0
GCA_000323345.1_ASM32334v1_genomic 1.912 154 86 35 2.45714 154 154 0 0
GCA_000323325.1_ASM32332v1_genomic 1.738 156 87 39 2.23077 156 156 0 0
GCA_000323305.1_ASM32330v1_genomic 1.825 151 82 37 2.21622 151 151 0 0
GCA_000323285.1_ASM32328v1_genomic 2.000 71 41 17 2.41176 71 71 0 0
GCA_000323245.1_ASM32324v1_genomic 1.866 181 99 42 2.35714 181 181 0 0
GCA_000323225.1_ASM32322v1_genomic 1.840 202 113 46 2.45652 202 202 0 0
GCA_000323205.1_ASM32320v1_genomic 1.779 201 113 46 2.45652 201 201 0 0
GCA_000320465.1_ASM32046v1_genomic 2.143 125 72 32 2.25 125 125 0 0
GCA_000320445.1_ASM32044v1_genomic 1.817 157 88 35 2.51429 157 157 0 0
GCA_000323185.1_ASM32318v1_genomic 1.791 229 135 57 2.36842 229 229 0 0
GCA_000320425.1_ASM32042v1_genomic 1.769 311 180 68 2.64706 311 311 0 0
GCA_000275685.1_ASM27568v1_genomic 1.756 213 114 52 2.19231 244 213 31 0.127049
GCA_000382505.1_Yersinia_pestis_G1670E_assembly_genomic 1.359 687 398 139 2.86331 689 687 2 0.00290276
GCA_000269485.1_ASM26948v1_genomic 2.161 88 35 21 1.66667 88 88 0 0
GCA_000269225.1_ASM26922v1_genomic 3.118 132 38 23 1.65217 133 132 1 0.0075188
GCA_000269205.1_ASM26920v1_genomic 1.703 92 38 23 1.65217 92 92 0 0
GCA_000269185.1_ASM26918v1_genomic 1.324 78 35 23 1.52174 80 78 2 0.025
GCA_000269145.1_ASM26914v1_genomic 1.293 84 34 18 1.88889 84 84 0 0
GCA_000269445.1_ASM26944v1_genomic 1.191 92 42 28 1.5 95 92 3 0.0315789
GCA_000269425.1_ASM26942v1_genomic 1.960 65 34 17 2 65 65 0 0
GCA_000269125.1_ASM26912v1_genomic 1.852 67 34 18 1.88889 67 67 0 0
GCA_000269105.1_ASM26910v1_genomic 1.395 80 36 22 1.63636 80 80 0 0
GCA_000269085.1_ASM26908v1_genomic 1.514 84 40 25 1.6 86 84 2 0.0232558
GCA_000269065.1_ASM26906v1_genomic 1.379 142 52 31 1.67742 142 142 0 0
GCA_000269045.1_ASM26904v1_genomic 1.800 95 38 22 1.72727 95 95 0 0
GCA_000269405.1_ASM26940v1_genomic 1.113 120 39 24 1.625 127 120 7 0.0551181
GCA_000269025.1_ASM26902v1_genomic 1.735 101 27 16 1.6875 103 101 2 0.0194175
GCA_000269005.1_ASM26900v1_genomic 1.083 63 23 14 1.64286 65 63 2 0.0307692
GCA_000268985.1_ASM26898v1_genomic 1.821 72 29 10 2.9 74 72 2 0.027027
GCA_000269385.1_ASM26938v1_genomic 1.347 76 32 17 1.88235 76 76 0 0
GCA_000268965.1_ASM26896v1_genomic 1.175 91 42 19 2.21053 94 91 3 0.0319149
GCA_000268945.1_ASM26894v1_genomic 1.789 82 37 21 1.7619 83 82 1 0.0120482
GCA_000268925.1_ASM26892v1_genomic 1.594 96 47 25 1.88 96 96 0 0
GCA_000269365.1_ASM26936v1_genomic 1.318 138 48 20 2.4 138 138 0 0
GCA_000268905.1_ASM26890v1_genomic 2.172 87 32 21 1.52381 89 87 2 0.0224719
GCA_000268885.1_ASM26888v1_genomic 1.282 80 34 22 1.54545 80 80 0 0
GCA_000268865.1_ASM26886v1_genomic 1.486 81 39 22 1.77273 81 81 0 0
GCA_000268865.2_ASM26886v2_genomic 1.486 81 39 22 1.77273 81 81 0 0
GCA_000268845.1_ASM26884v1_genomic 2.407 81 32 16 2 81 81 0 0
GCA_000268825.1_ASM26882v1_genomic 2.281 92 38 20 1.9 94 92 2 0.0212766
GCA_000268805.1_ASM26880v1_genomic 1.750 68 35 20 1.75 68 68 0 0
GCA_000268805.2_ASM26880v2_genomic 1.750 68 35 20 1.75 68 68 0 0
GCA_000268785.1_ASM26878v1_genomic 1.595 87 41 21 1.95238 87 87 0 0
GCA_000269345.1_ASM26934v1_genomic 1.925 97 37 22 1.68182 98 97 1 0.0102041
GCA_000268765.1_ASM26876v1_genomic 1.444 77 35 22 1.59091 77 77 0 0
GCA_000269325.1_ASM26932v1_genomic 1.621 71 36 17 2.11765 71 71 0 0
GCA_000269305.1_ASM26930v1_genomic 1.789 97 36 22 1.63636 97 97 0 0
GCA_000268745.1_ASM26874v1_genomic 2.483 92 36 17 2.11765 95 92 3 0.0315789
GCA_000269285.1_ASM26928v1_genomic 3.179 109 33 25 1.32 109 109 0 0
GCA_000269285.2_ASM26928v2_genomic 3.179 109 33 25 1.32 109 109 0 0
GCA_000269265.1_ASM26926v1_genomic 2.453 121 40 21 1.90476 125 121 4 0.032
GCA_000268725.1_ASM26872v1_genomic 2.757 121 42 22 1.90909 121 121 0 0
GCA_000268725.2_ASM26872v2_genomic 2.757 121 42 22 1.90909 121 121 0 0
GCA_000268685.1_ASM26868v1_genomic 1.525 102 47 27 1.74074 102 102 0 0
GCA_000268665.1_ASM26866v1_genomic 2.359 104 36 23 1.56522 108 104 4 0.037037
GCA_000268525.1_ASM26852v1_genomic 1.512 86 30 13 2.30769 92 86 6 0.0652174
GCA_000268485.1_ASM26848v1_genomic 1.909 62 30 15 2 64 62 2 0.03125
GCA_000268485.2_ASM26848v2_genomic 1.909 62 30 15 2 64 62 2 0.03125
GCA_000268385.1_ASM26838v1_genomic 1.667 73 36 21 1.71429 73 73 0 0
GCA_000268365.1_ASM26836v1_genomic 1.871 102 35 25 1.4 104 102 2 0.0192308
GCA_000268345.1_ASM26834v1_genomic 1.280 96 43 26 1.65385 96 96 0 0
GCA_000268585.1_ASM26858v1_genomic 3.036 106 37 17 2.17647 107 106 1 0.00934579
GCA_000268565.1_ASM26856v1_genomic 1.780 121 50 28 1.78571 122 121 1 0.00819672
GCA_000268325.1_ASM26832v1_genomic 1.729 121 50 32 1.5625 121 121 0 0
GCA_000268545.1_ASM26854v1_genomic 1.233 86 43 23 1.86957 86 86 0 0
GCA_000382545.1_Yersinia_pestis_assembly_genomic 1.636 670 379 140 2.70714 676 670 6 0.00887574
GCA_000382525.1_Yersinia_pestis_G3768_assembly_genomic 1.387 653 362 142 2.5493 656 653 3 0.00457317
GCA_016103005.1_ASM1610300v1_genomic 1.761 221 120 51 2.35294 245 221 24 0.0979592
GCA_016102975.1_ASM1610297v1_genomic 1.739 221 125 51 2.45098 246 221 25 0.101626
GCA_016102965.1_ASM1610296v1_genomic 1.645 217 124 49 2.53061 252 217 35 0.138889
GCA_016102905.1_ASM1610290v1_genomic 1.855 219 124 50 2.48 242 219 23 0.0950413
GCA_016102945.1_ASM1610294v1_genomic 1.750 215 119 52 2.28846 239 215 24 0.100418
GCA_016102915.1_ASM1610291v1_genomic 1.833 219 122 51 2.39216 242 219 23 0.0950413
GCA_016102855.1_ASM1610285v1_genomic 1.725 223 124 52 2.38462 243 223 20 0.0823045
GCA_016102845.1_ASM1610284v1_genomic 1.841 214 120 49 2.44898 236 214 22 0.0932203
GCA_016102875.1_ASM1610287v1_genomic 1.632 205 116 47 2.46809 215 205 10 0.0465116
GCA_016102745.1_ASM1610274v1_genomic 1.688 219 123 49 2.5102 231 219 12 0.0519481
GCA_016102785.1_ASM1610278v1_genomic 1.902 217 120 51 2.35294 228 217 11 0.0482456
GCA_016102765.1_ASM1610276v1_genomic 1.750 216 118 52 2.26923 233 216 17 0.0729614
GCA_016102755.1_ASM1610275v1_genomic 1.918 217 123 44 2.79545 227 217 10 0.0440529
GCA_016102775.1_ASM1610277v1_genomic 1.708 218 125 46 2.71739 228 218 10 0.0438596
GCA_016102655.1_ASM1610265v1_genomic 1.829 212 123 45 2.73333 225 212 13 0.0577778
GCA_016102685.1_ASM1610268v1_genomic 2.827 350 198 85 2.32941 367 350 17 0.0463215
GCA_016102675.1_ASM1610267v1_genomic 1.761 223 125 52 2.40385 248 223 25 0.100806
GCA_016102665.1_ASM1610266v1_genomic 2.392 333 193 84 2.29762 358 333 25 0.0698324
GCA_016102645.1_ASM1610264v1_genomic 1.786 219 122 47 2.59574 229 219 10 0.0436681
GCA_016102545.1_ASM1610254v1_genomic 1.895 226 131 50 2.62 246 226 20 0.0813008
GCA_016102585.1_ASM1610258v1_genomic 1.881 218 119 53 2.24528 245 218 27 0.110204
GCA_016102565.1_ASM1610256v1_genomic 2.723 387 232 93 2.49462 410 387 23 0.0560976
GCA_016102575.1_ASM1610257v1_genomic 1.911 210 121 45 2.68889 236 210 26 0.110169
GCA_016102555.1_ASM1610255v1_genomic 1.945 267 152 62 2.45161 278 267 11 0.0395683
GCA_015190655.1_ASM1519065v1_genomic 1.731 175 96 39 2.46154 213 175 38 0.178404
GCA_015158485.1_ASM1515848v1_genomic 2.100 82 52 17 3.05882 101 82 19 0.188119
GCA_015158475.1_ASM1515847v1_genomic 2.167 72 41 17 2.41176 99 72 27 0.272727
GCA_015158575.1_ASM1515857v1_genomic 1.844 85 49 20 2.45 111 85 26 0.234234
GCA_015158585.1_ASM1515858v1_genomic 2.231 80 45 21 2.14286 101 80 21 0.207921
GCA_015158615.1_ASM1515861v1_genomic 2.375 77 44 19 2.31579 97 77 20 0.206186
GCA_015158635.1_ASM1515863v1_genomic 2.179 85 48 20 2.4 105 85 20 0.190476
GCA_015158625.1_ASM1515862v1_genomic 2.250 74 41 19 2.15789 104 74 30 0.288462
GCA_015158675.1_ASM1515867v1_genomic 1.868 177 92 47 1.95745 223 177 46 0.206278
GCA_015158715.1_ASM1515871v1_genomic 2.000 176 89 41 2.17073 215 176 39 0.181395
GCA_015158695.1_ASM1515869v1_genomic 1.924 173 90 37 2.43243 212 173 39 0.183962
GCA_015158705.1_ASM1515870v1_genomic 1.833 180 90 39 2.30769 218 180 38 0.174312
GCA_015158755.1_ASM1515875v1_genomic 1.784 181 99 43 2.30233 214 181 33 0.154206
GCA_015158765.1_ASM1515876v1_genomic 1.984 166 90 39 2.30769 206 166 40 0.194175
GCA_015158805.1_ASM1515880v1_genomic 1.855 179 93 47 1.97872 224 179 45 0.200893
GCA_015158795.1_ASM1515879v1_genomic 2.015 175 94 40 2.35 215 175 40 0.186047
GCA_015158815.1_ASM1515881v1_genomic 2.125 181 89 41 2.17073 225 181 44 0.195556
GCA_015158845.1_ASM1515884v1_genomic 1.803 186 94 41 2.29268 209 186 23 0.110048
GCA_015158875.1_ASM1515887v1_genomic 2.031 171 94 41 2.29268 212 171 41 0.193396
GCA_015158895.1_ASM1515889v1_genomic 1.985 174 92 41 2.2439 210 174 36 0.171429
GCA_015158935.1_ASM1515893v1_genomic 2.095 177 90 41 2.19512 218 177 41 0.188073
GCA_015158905.1_ASM1515890v1_genomic 1.651 185 103 40 2.575 221 185 36 0.162896
GCA_015158945.1_ASM1515894v1_genomic 2.172 181 95 41 2.31707 221 181 40 0.180995
GCA_015158955.1_ASM1515895v1_genomic 1.849 186 100 42 2.38095 226 186 40 0.176991
GCA_015158995.1_ASM1515899v1_genomic 2.015 174 98 40 2.45 216 174 42 0.194444
GCA_015159005.1_ASM1515900v1_genomic 1.954 171 93 40 2.325 201 171 30 0.149254
GCA_015159045.1_ASM1515904v1_genomic 1.674 215 104 47 2.21277 242 215 27 0.11157
GCA_015159035.1_ASM1515903v1_genomic 1.941 175 95 41 2.31707 212 175 37 0.174528
GCA_015159075.1_ASM1515907v1_genomic 1.938 172 91 41 2.21951 213 172 41 0.192488
GCA_015159085.1_ASM1515908v1_genomic 2.045 182 93 41 2.26829 213 182 31 0.14554
GCA_015159105.1_ASM1515910v1_genomic 1.882 176 92 41 2.2439 212 176 36 0.169811
GCA_015159145.1_ASM1515914v1_genomic 2.090 184 95 42 2.2619 224 184 40 0.178571
GCA_015159135.1_ASM1515913v1_genomic 1.985 176 95 42 2.2619 212 176 36 0.169811
GCA_015159175.1_ASM1515917v1_genomic 1.971 180 98 41 2.39024 221 180 41 0.18552
GCA_015159195.1_ASM1515919v1_genomic 1.872 192 104 41 2.53659 216 192 24 0.111111
GCA_015159615.1_ASM1515961v1_genomic 2.000 244 128 53 2.41509 267 244 23 0.0861423
GCA_015274745.1_ASM1527474v1_genomic 1.843 178 90 42 2.14286 197 178 19 0.0964467
GCA_015274715.1_ASM1527471v1_genomic 1.649 176 88 45 1.95556 210 176 34 0.161905
GCA_015274685.1_ASM1527468v1_genomic 1.736 171 89 39 2.28205 201 171 30 0.149254
GCA_014734395.1_ASM1473439v1_genomic 1.842 200 110 46 2.3913 235 200 35 0.148936
GCA_014734355.1_ASM1473435v1_genomic 1.895 204 113 47 2.40426 233 204 29 0.124464
GCA_014734405.1_ASM1473440v1_genomic 1.895 204 114 47 2.42553 239 204 35 0.146444
GCA_013421535.1_ASM1342153v1_genomic 1.760 63 30 20 1.5 76 63 13 0.171053
GCA_013421545.1_ASM1342154v1_genomic 1.147 64 34 17 2 80 64 16 0.2
GCA_013421555.1_ASM1342155v1_genomic 1.267 59 29 16 1.8125 82 59 23 0.280488
GCA_013421465.1_ASM1342146v1_genomic 2.240 74 38 19 2 92 74 18 0.195652
GCA_013421455.1_ASM1342145v1_genomic 1.552 65 33 19 1.73684 80 65 15 0.1875
GCA_015350455.1_ASM1535045v1_genomic 1.819 209 117 49 2.38776 220 209 11 0.05
GCA_015350435.1_ASM1535043v1_genomic 1.788 212 116 50 2.32 218 212 6 0.0275229
GCA_015350425.1_ASM1535042v1_genomic 1.753 215 118 50 2.36 226 215 11 0.0486726
GCA_013391945.1_ASM1339194v1_genomic 2.305 173 80 41 1.95122 191 173 18 0.0942408
GCA_013391965.1_ASM1339196v1_genomic 1.838 166 79 45 1.75556 180 166 14 0.0777778
GCA_013392085.1_ASM1339208v1_genomic 1.896 207 113 48 2.35417 237 207 30 0.126582
GCA_013392055.1_ASM1339205v1_genomic 1.883 205 112 49 2.28571 229 205 24 0.104803
GCA_013392045.1_ASM1339204v1_genomic 1.765 208 113 48 2.35417 227 208 19 0.0837004
GCA_013392105.1_ASM1339210v1_genomic 1.882 203 112 48 2.33333 233 203 30 0.128755
GCA_013392075.1_ASM1339207v1_genomic 1.833 205 113 48 2.35417 233 205 28 0.120172
GCA_013392145.1_ASM1339214v1_genomic 1.846 206 113 48 2.35417 230 206 24 0.104348
GCA_010974855.1_ASM1097485v1_genomic 1.975 217 121 54 2.24074 228 217 11 0.0482456
GCA_010974835.1_ASM1097483v1_genomic 1.445 232 131 48 2.72917 260 232 28 0.107692
GCA_010974845.1_ASM1097484v1_genomic 1.775 219 125 48 2.60417 239 219 20 0.083682
GCA_009909645.1_ASM990964v1_genomic 1.753 217 123 47 2.61702 240 217 23 0.0958333
GCA_009909655.1_ASM990965v1_genomic 1.828 224 127 50 2.54 252 224 28 0.111111
GCA_900637475.1_51108_B01_genomic 3.055 15139 3431 9058 0.378781 15358 15139 219 0.0142597
GCA_000834295.1_ASM83429v1_genomic 3.013 15105 3452 8994 0.383811 15393 15105 288 0.0187098
