Character to attribute mapping:
  A: 0.ANT1
  B: 0.ANT2
  C: 0.ANT3
  D: 0.ANT4
  E: 0.ANT5
  F: 0.PE10
  G: 0.PE2
  H: 0.PE4a
  I: 0.PE4h
  J: 0.PE4m
  K: 0.PE4t
  L: 0.PE5
  M: 0.PE7
  N: 0.PE8
  O: 0.PRE1
  P: 0.PRE2
  Q: 1.ANT1
  R: 1.IN1
  S: 1.IN2
  T: 1.IN3
  U: 1.ORI1
  V: 1.ORI2
  W: 1.ORI3
  X: 1.PRE0
  Y: 1.PRE1
  Z: 1.PRE2
  [: 1.PRE3
  \: 2.ANT1
  ]: 2.ANT2
  ^: 2.ANT3
  _: 2.MED0
  `: 2.MED1
  a: 2.MED2
  b: 2.MED3
  c: 3.ANT1
  d: 3.ANT2
  e: 4.ANT1
  f: ?


Substitution rate (mu): 31.452834

Equilibrium frequencies (pi_i):
  A: 0.0288
  B: 0.0267
  C: 0.0269
  D: 0.0266
  E: 0.0267
  F: 0.0268
  G: 0.0277
  H: 0.0272
  I: 0.0269
  J: 0.027
  K: 0.027
  L: 0.0265
  M: 0.0271
  N: 0.0266
  O: 0.0268
  P: 0.0267
  Q: 0.027
  R: 0.0268
  S: 0.0275
  T: 0.0263
  U: 0.0291
  V: 0.0265
  W: 0.0261
  X: 0.0265
  Y: 0.0277
  Z: 0.0266
  [: 0.027
  \: 0.0273
  ]: 0.0272
  ^: 0.0269
  _: 0.0265
  `: 0.0288
  a: 0.0262
  b: 0.027
  c: 0.0269
  d: 0.027
  e: 0.027

Symmetrized rates from j->i (W_ij):
	A	B	C	D	E	F	G	H	I	J	K	L	M	N	O	P	Q	R	S	T	U	V	W	X	Y	Z	[	\	]	^	_	`	a	b	c	d	e
  A	0	1.0568	1.024	1.2714	1.1289	1.0293	1.071	1.003	1.0001	1.0109	1.0001	1.2822	1.0329	1.0714	1.006	1.0062	0.9985	0.9986	0.9979	0.9984	0.9957	0.9982	0.9984	1.0008	0.9997	0.9985	0.9985	0.9982	0.9988	0.9993	0.9999	0.9964	0.9987	0.9985	1.0003	1.0002	1.0035
  B	1.0568	0	1.2892	1.1322	1.2761	1.0029	1.005	1.0009	1.001	1.0016	1.001	1.0262	1.0032	1.006	1.0013	1.0014	1.0008	1.0009	1.0002	1.0006	0.9983	1.0005	1.0006	1.0346	1.0335	1.0008	1.0008	1.0006	1.0162	1.0167	1.0199	1.0012	1.0032	1.0077	1.028	1.0279	1.0762
  C	1.024	1.2892	0	1.0612	1.1382	1.0017	1.0019	1.0007	1.0008	1.001	1.0008	1.0114	1.0019	1.003	1.0009	1.0011	1.0007	1.0008	1.0001	1.0005	0.9982	1.0004	1.0005	1.0802	1.0788	1.0007	1.0007	1.0005	1.0389	1.0396	1.0469	1.0047	1.0068	1.0186	1.0642	1.0641	1.1706
  D	1.2714	1.1322	1.0612	0	1.2734	1.0132	1.0307	1.0022	1.0012	1.0054	1.0012	1.1364	1.0147	1.0314	1.0035	1.0036	1.0005	1.0006	0.9999	1.0003	0.998	1.0002	1.0003	1.0061	1.0051	1.0005	1.0005	1.0002	1.0024	1.0028	1.0036	0.9988	1.0009	1.0012	1.0049	1.0048	1.0133
  E	1.1289	1.2761	1.1382	1.2734	0	1.0058	1.0124	1.0012	1.001	1.0026	1.0009	1.0606	1.0064	1.0133	1.0018	1.0019	1.0006	1.0007	1.0001	1.0005	0.9982	1.0003	1.0004	1.0145	1.0134	1.0006	1.0006	1.0004	1.0064	1.0068	1.0083	0.9995	1.0016	1.0031	1.0117	1.0117	1.0323
  F	1.0293	1.0029	1.0017	1.0132	1.0058	0	1.0738	1.1274	1.0479	1.2737	1.0479	1.0736	1.0353	1.2859	1.0084	1.0085	1.0008	1.0008	1.0002	1.0006	0.9983	1.0005	1.0006	1.0011	1.0001	1.0008	1.0008	1.0005	1.0003	1.0007	1.001	0.9988	1.0008	1.0004	1.0009	1.0008	1.001
  G	1.071	1.005	1.0019	1.0307	1.0124	1.0738	0	1.0117	1.0039	1.0306	1.0038	1.1673	1.3177	1.1677	1.092	1.0923	0.9997	0.9998	0.9992	0.9996	0.9972	0.9995	0.9996	1.0002	0.9992	0.9998	0.9998	0.9995	0.9993	0.9997	1.0001	0.9977	0.9998	0.9994	1.0	0.9999	1.0002
  H	1.003	1.0009	1.0007	1.0022	1.0012	1.1274	1.0117	0	1.2218	1.2645	1.2218	1.0124	1.006	1.0588	1.0015	1.0017	1.0004	1.0004	0.9998	1.0002	0.9979	1.0001	1.0002	1.0006	0.9997	1.0004	1.0004	1.0001	0.9998	1.0002	1.0006	0.9984	1.0004	1.0	1.0005	1.0004	1.0005
  I	1.0001	1.001	1.0008	1.0012	1.001	1.0479	1.0039	1.2218	0	1.1066	1.3981	1.0046	1.0026	1.0214	1.001	1.0012	1.0006	1.0007	1.0	1.0005	0.9982	1.0003	1.0004	1.0009	0.9999	1.0006	1.0006	1.0004	1.0001	1.0005	1.0009	0.9986	1.0007	1.0002	1.0007	1.0007	1.0007
  J	1.0109	1.0016	1.001	1.0054	1.0026	1.2737	1.0306	1.2645	1.1066	0	1.1066	1.031	1.0147	1.1361	1.0035	1.0037	1.0006	1.0006	1.0	1.0004	0.9981	1.0003	1.0004	1.0009	0.9999	1.0006	1.0006	1.0003	1.0001	1.0004	1.0008	0.9986	1.0006	1.0002	1.0007	1.0006	1.0007
  K	1.0001	1.001	1.0008	1.0012	1.0009	1.0479	1.0038	1.2218	1.3981	1.1066	0	1.0046	1.0026	1.0214	1.001	1.0012	1.0006	1.0007	1.0	1.0004	0.9981	1.0003	1.0004	1.0009	0.9999	1.0006	1.0006	1.0003	1.0001	1.0005	1.0008	0.9986	1.0006	1.0002	1.0007	1.0006	1.0007
  L	1.2822	1.0262	1.0114	1.1364	1.0606	1.0736	1.1673	1.0124	1.0046	1.031	1.0046	0	1.082	1.1663	1.0196	1.0198	1.0005	1.0006	1.0	1.0004	0.9981	1.0003	1.0004	1.0016	1.0006	1.0006	1.0005	1.0003	1.0004	1.0008	1.0012	0.9986	1.0006	1.0003	1.0013	1.0012	1.0026
  M	1.0329	1.0032	1.0019	1.0147	1.0064	1.0353	1.3177	1.006	1.0026	1.0147	1.0026	1.082	0	1.0824	1.1997	1.2001	1.0008	1.0009	1.0003	1.0007	0.9984	1.0005	1.0006	1.0012	1.0002	1.0008	1.0008	1.0006	1.0003	1.0007	1.0011	0.9989	1.0009	1.0005	1.001	1.0009	1.001
  N	1.0714	1.006	1.003	1.0314	1.0133	1.2859	1.1677	1.0588	1.0214	1.1361	1.0214	1.1663	1.0824	0	1.0199	1.0201	1.0008	1.0009	1.0003	1.0007	0.9984	1.0006	1.0006	1.0012	1.0003	1.0008	1.0008	1.0006	1.0004	1.0008	1.0011	0.9989	1.0009	1.0005	1.0011	1.001	1.0012
  O	1.006	1.0013	1.0009	1.0035	1.0018	1.0084	1.092	1.0015	1.001	1.0035	1.001	1.0196	1.1997	1.0199	0	1.4366	1.0006	1.0006	1.0	1.0004	0.9981	1.0003	1.0004	1.0008	0.9999	1.0006	1.0006	1.0003	1.0001	1.0004	1.0008	0.9986	1.0006	1.0002	1.0007	1.0006	1.0007
  P	1.0062	1.0014	1.0011	1.0036	1.0019	1.0085	1.0923	1.0017	1.0012	1.0037	1.0012	1.0198	1.2001	1.0201	1.4366	0	1.0007	1.0008	1.0002	1.0006	0.9983	1.0004	1.0005	1.001	1.0001	1.0007	1.0007	1.0005	1.0002	1.0006	1.001	0.9988	1.0008	1.0003	1.0008	1.0008	1.0008
  Q	0.9985	1.0008	1.0007	1.0005	1.0006	1.0008	0.9997	1.0004	1.0006	1.0006	1.0006	1.0005	1.0008	1.0008	1.0006	1.0007	0	1.3353	1.0002	1.0006	0.998	1.0002	1.0003	1.0008	1.0003	1.3326	1.0018	1.0002	1.0	1.0004	1.0007	0.9985	1.0005	1.0001	1.0006	1.0005	1.0005
  R	0.9986	1.0009	1.0008	1.0006	1.0007	1.0008	0.9998	1.0004	1.0007	1.0006	1.0007	1.0006	1.0009	1.0009	1.0006	1.0008	1.3353	0	1.3328	1.3329	0.9984	1.0005	1.0004	1.0008	1.0004	1.3322	1.0019	1.0003	1.0001	1.0004	1.0008	0.9986	1.0006	1.0002	1.0007	1.0006	1.0006
  S	0.9979	1.0002	1.0001	0.9999	1.0001	1.0002	0.9992	0.9998	1.0	1.0	1.0	1.0	1.0003	1.0003	1.0	1.0002	1.0002	1.3328	0	1.3337	0.9976	0.9999	0.9997	1.0002	0.9992	1.0002	0.9999	0.9997	0.9994	0.9998	1.0002	0.9979	1.0	0.9995	1.0	0.9999	1.0
  T	0.9984	1.0006	1.0005	1.0003	1.0005	1.0006	0.9996	1.0002	1.0005	1.0004	1.0004	1.0004	1.0007	1.0007	1.0004	1.0006	1.0006	1.3329	1.3337	0	1.3296	1.3329	1.0002	1.0006	0.9997	1.0006	1.0003	1.0001	0.9998	1.0002	1.0006	0.9984	1.0004	1.0	1.0005	1.0004	1.0004
  U	0.9957	0.9983	0.9982	0.998	0.9982	0.9983	0.9972	0.9979	0.9982	0.9981	0.9981	0.9981	0.9984	0.9984	0.9981	0.9983	0.998	0.9984	0.9976	1.3296	0	1.331	1.4981	0.9983	0.9972	0.9981	0.998	0.9977	0.9974	0.9979	0.9983	0.9957	0.9981	0.9976	0.9981	0.998	0.9981
  V	0.9982	1.0005	1.0004	1.0002	1.0003	1.0005	0.9995	1.0001	1.0003	1.0003	1.0003	1.0003	1.0005	1.0006	1.0003	1.0004	1.0002	1.0005	0.9999	1.3329	1.331	0	1.0001	1.0005	0.9995	1.0002	1.0002	1.0	0.9997	1.0001	1.0005	0.9982	1.0003	0.9998	1.0003	1.0002	1.0003
  W	0.9984	1.0006	1.0005	1.0003	1.0004	1.0006	0.9996	1.0002	1.0004	1.0004	1.0004	1.0004	1.0006	1.0006	1.0004	1.0005	1.0003	1.0004	0.9997	1.0002	1.4981	1.0001	0	1.0006	0.9996	1.0003	1.0003	1.0001	0.9998	1.0002	1.0005	0.9984	1.0004	0.9999	1.0004	1.0003	1.0004
  X	1.0008	1.0346	1.0802	1.0061	1.0145	1.0011	1.0002	1.0006	1.0009	1.0009	1.0009	1.0016	1.0012	1.0012	1.0008	1.001	1.0008	1.0008	1.0002	1.0006	0.9983	1.0005	1.0006	0	1.4221	1.0008	1.0008	1.0007	1.0655	1.0663	1.0783	1.0096	1.0117	1.0323	1.0286	1.0285	1.0782
  Y	0.9997	1.0335	1.0788	1.0051	1.0134	1.0001	0.9992	0.9997	0.9999	0.9999	0.9999	1.0006	1.0002	1.0003	0.9999	1.0001	1.0003	1.0004	0.9992	0.9997	0.9972	0.9995	0.9996	1.4221	0	1.5006	1.0025	0.9997	1.0642	1.065	1.0769	1.0084	1.0107	1.0311	1.0275	1.0274	1.0769
  Z	0.9985	1.0008	1.0007	1.0005	1.0006	1.0008	0.9998	1.0004	1.0006	1.0006	1.0006	1.0006	1.0008	1.0008	1.0006	1.0007	1.3326	1.3322	1.0002	1.0006	0.9981	1.0002	1.0003	1.0008	1.5006	0	1.5009	1.0003	1.0	1.0004	1.0008	0.9985	1.0006	1.0001	1.0006	1.0006	1.0006
  [	0.9985	1.0008	1.0007	1.0005	1.0006	1.0008	0.9998	1.0004	1.0006	1.0006	1.0006	1.0005	1.0008	1.0008	1.0006	1.0007	1.0018	1.0019	0.9999	1.0003	0.998	1.0002	1.0003	1.0008	1.0025	1.5009	0	1.0002	1.0	1.0004	1.0007	0.9985	1.0005	1.0001	1.0006	1.0005	1.0006
  \	0.9982	1.0006	1.0005	1.0002	1.0004	1.0005	0.9995	1.0001	1.0004	1.0003	1.0003	1.0003	1.0006	1.0006	1.0003	1.0005	1.0002	1.0003	0.9997	1.0001	0.9977	1.0	1.0001	1.0007	0.9997	1.0003	1.0002	0	2.0046	1.0009	1.0008	0.9983	1.0004	1.0	1.0004	1.0003	1.0004
  ]	0.9988	1.0162	1.0389	1.0024	1.0064	1.0003	0.9993	0.9998	1.0001	1.0001	1.0001	1.0004	1.0003	1.0004	1.0001	1.0002	1.0	1.0001	0.9994	0.9998	0.9974	0.9997	0.9998	1.0655	1.0642	1.0	1.0	2.0046	0	1.4177	1.1419	1.0196	1.0218	1.0611	1.0132	1.0131	1.0379
  ^	0.9993	1.0167	1.0396	1.0028	1.0068	1.0007	0.9997	1.0002	1.0005	1.0004	1.0005	1.0008	1.0007	1.0008	1.0004	1.0006	1.0004	1.0004	0.9998	1.0002	0.9979	1.0001	1.0002	1.0663	1.065	1.0004	1.0004	1.0009	1.4177	0	1.143	1.0201	1.0223	1.0618	1.0137	1.0136	1.0386
  _	0.9999	1.0199	1.0469	1.0036	1.0083	1.001	1.0001	1.0006	1.0009	1.0008	1.0008	1.0012	1.0011	1.0011	1.0008	1.001	1.0007	1.0008	1.0002	1.0006	0.9983	1.0005	1.0005	1.0783	1.0769	1.0008	1.0007	1.0008	1.1419	1.143	0	1.1097	1.1124	1.2785	1.0164	1.0163	1.0457
  `	0.9964	1.0012	1.0047	0.9988	0.9995	0.9988	0.9977	0.9984	0.9986	0.9986	0.9986	0.9986	0.9989	0.9989	0.9986	0.9988	0.9985	0.9986	0.9979	0.9984	0.9957	0.9982	0.9984	1.0096	1.0084	0.9985	0.9985	0.9983	1.0196	1.0201	1.1097	0	1.3955	1.2207	1.0006	1.0005	1.0044
  a	0.9987	1.0032	1.0068	1.0009	1.0016	1.0008	0.9998	1.0004	1.0007	1.0006	1.0006	1.0006	1.0009	1.0009	1.0006	1.0008	1.0005	1.0006	1.0	1.0004	0.9981	1.0003	1.0004	1.0117	1.0107	1.0006	1.0005	1.0004	1.0218	1.0223	1.1124	1.3955	0	1.2239	1.0026	1.0025	1.0065
  b	0.9985	1.0077	1.0186	1.0012	1.0031	1.0004	0.9994	1.0	1.0002	1.0002	1.0002	1.0003	1.0005	1.0005	1.0002	1.0003	1.0001	1.0002	0.9995	1.0	0.9976	0.9998	0.9999	1.0323	1.0311	1.0001	1.0001	1.0	1.0611	1.0618	1.2785	1.2207	1.2239	0	1.0063	1.0062	1.018
  c	1.0003	1.028	1.0642	1.0049	1.0117	1.0009	1.0	1.0005	1.0007	1.0007	1.0007	1.0013	1.001	1.0011	1.0007	1.0008	1.0006	1.0007	1.0	1.0005	0.9981	1.0003	1.0004	1.0286	1.0275	1.0006	1.0006	1.0004	1.0132	1.0137	1.0164	1.0006	1.0026	1.0063	0	1.4017	1.2354
  d	1.0002	1.0279	1.0641	1.0048	1.0117	1.0008	0.9999	1.0004	1.0007	1.0006	1.0006	1.0012	1.0009	1.001	1.0006	1.0008	1.0005	1.0006	0.9999	1.0004	0.998	1.0002	1.0003	1.0285	1.0274	1.0006	1.0005	1.0003	1.0131	1.0136	1.0163	1.0005	1.0025	1.0062	1.4017	0	1.2353
  e	1.0035	1.0762	1.1706	1.0133	1.0323	1.001	1.0002	1.0005	1.0007	1.0007	1.0007	1.0026	1.001	1.0012	1.0007	1.0008	1.0005	1.0006	1.0	1.0004	0.9981	1.0003	1.0004	1.0782	1.0769	1.0006	1.0006	1.0004	1.0379	1.0386	1.0457	1.0044	1.0065	1.018	1.2354	1.2353	0

Actual rates from j->i (Q_ij):
	A	B	C	D	E	F	G	H	I	J	K	L	M	N	O	P	Q	R	S	T	U	V	W	X	Y	Z	[	\	]	^	_	`	a	b	c	d	e
  A	0	0.0305	0.0295	0.0367	0.0326	0.0297	0.0309	0.0289	0.0288	0.0291	0.0288	0.037	0.0298	0.0309	0.029	0.029	0.0288	0.0288	0.0288	0.0288	0.0287	0.0288	0.0288	0.0289	0.0288	0.0288	0.0288	0.0288	0.0288	0.0288	0.0288	0.0287	0.0288	0.0288	0.0288	0.0288	0.0289
  B	0.0282	0	0.0344	0.0303	0.0341	0.0268	0.0269	0.0267	0.0267	0.0268	0.0267	0.0274	0.0268	0.0269	0.0268	0.0268	0.0267	0.0267	0.0267	0.0267	0.0267	0.0267	0.0267	0.0276	0.0276	0.0267	0.0267	0.0267	0.0272	0.0272	0.0273	0.0268	0.0268	0.0269	0.0275	0.0275	0.0288
  C	0.0275	0.0347	0	0.0285	0.0306	0.0269	0.027	0.0269	0.0269	0.0269	0.0269	0.0272	0.027	0.027	0.0269	0.0269	0.0269	0.0269	0.0269	0.0269	0.0269	0.0269	0.0269	0.0291	0.029	0.0269	0.0269	0.0269	0.0279	0.028	0.0282	0.027	0.0271	0.0274	0.0286	0.0286	0.0315
  D	0.0338	0.0301	0.0282	0	0.0339	0.027	0.0274	0.0267	0.0266	0.0268	0.0266	0.0302	0.027	0.0275	0.0267	0.0267	0.0266	0.0266	0.0266	0.0266	0.0266	0.0266	0.0266	0.0268	0.0267	0.0266	0.0266	0.0266	0.0267	0.0267	0.0267	0.0266	0.0266	0.0266	0.0267	0.0267	0.027
  E	0.0302	0.0341	0.0304	0.0341	0	0.0269	0.0271	0.0268	0.0268	0.0268	0.0268	0.0284	0.0269	0.0271	0.0268	0.0268	0.0268	0.0268	0.0267	0.0268	0.0267	0.0268	0.0268	0.0271	0.0271	0.0268	0.0268	0.0268	0.0269	0.0269	0.027	0.0267	0.0268	0.0268	0.0271	0.0271	0.0276
  F	0.0276	0.0269	0.0268	0.0271	0.027	0	0.0288	0.0302	0.0281	0.0341	0.0281	0.0288	0.0277	0.0345	0.027	0.027	0.0268	0.0268	0.0268	0.0268	0.0268	0.0268	0.0268	0.0268	0.0268	0.0268	0.0268	0.0268	0.0268	0.0268	0.0268	0.0268	0.0268	0.0268	0.0268	0.0268	0.0268
  G	0.0296	0.0278	0.0277	0.0285	0.028	0.0297	0	0.028	0.0278	0.0285	0.0278	0.0323	0.0365	0.0323	0.0302	0.0302	0.0277	0.0277	0.0276	0.0277	0.0276	0.0277	0.0277	0.0277	0.0276	0.0277	0.0277	0.0277	0.0276	0.0277	0.0277	0.0276	0.0277	0.0276	0.0277	0.0277	0.0277
  H	0.0273	0.0273	0.0272	0.0273	0.0273	0.0307	0.0275	0	0.0333	0.0344	0.0333	0.0276	0.0274	0.0288	0.0273	0.0273	0.0272	0.0272	0.0272	0.0272	0.0272	0.0272	0.0272	0.0272	0.0272	0.0272	0.0272	0.0272	0.0272	0.0272	0.0272	0.0272	0.0272	0.0272	0.0272	0.0272	0.0272
  I	0.0269	0.027	0.0269	0.027	0.027	0.0282	0.027	0.0329	0	0.0298	0.0376	0.027	0.027	0.0275	0.027	0.027	0.0269	0.0269	0.0269	0.0269	0.0269	0.0269	0.0269	0.0269	0.0269	0.0269	0.0269	0.0269	0.0269	0.0269	0.0269	0.0269	0.0269	0.0269	0.0269	0.0269	0.0269
  J	0.0273	0.0271	0.027	0.0272	0.0271	0.0344	0.0278	0.0342	0.0299	0	0.0299	0.0279	0.0274	0.0307	0.0271	0.0271	0.027	0.027	0.027	0.027	0.027	0.027	0.027	0.027	0.027	0.027	0.027	0.027	0.027	0.027	0.027	0.027	0.027	0.027	0.027	0.027	0.027
  K	0.027	0.027	0.027	0.027	0.027	0.0282	0.0271	0.0329	0.0377	0.0298	0	0.0271	0.027	0.0275	0.027	0.027	0.027	0.027	0.027	0.027	0.0269	0.027	0.027	0.027	0.027	0.027	0.027	0.027	0.027	0.027	0.027	0.0269	0.027	0.027	0.027	0.027	0.027
  L	0.034	0.0272	0.0268	0.0301	0.0281	0.0284	0.0309	0.0268	0.0266	0.0273	0.0266	0	0.0287	0.0309	0.027	0.027	0.0265	0.0265	0.0265	0.0265	0.0264	0.0265	0.0265	0.0265	0.0265	0.0265	0.0265	0.0265	0.0265	0.0265	0.0265	0.0265	0.0265	0.0265	0.0265	0.0265	0.0266
  M	0.028	0.0272	0.0272	0.0275	0.0273	0.0281	0.0357	0.0273	0.0272	0.0275	0.0272	0.0293	0	0.0294	0.0325	0.0325	0.0271	0.0271	0.0271	0.0271	0.0271	0.0271	0.0271	0.0272	0.0271	0.0271	0.0271	0.0271	0.0271	0.0271	0.0272	0.0271	0.0271	0.0271	0.0271	0.0271	0.0272
  N	0.0285	0.0268	0.0267	0.0274	0.027	0.0342	0.0311	0.0282	0.0272	0.0302	0.0272	0.031	0.0288	0	0.0271	0.0271	0.0266	0.0266	0.0266	0.0266	0.0266	0.0266	0.0266	0.0266	0.0266	0.0266	0.0266	0.0266	0.0266	0.0266	0.0266	0.0266	0.0266	0.0266	0.0266	0.0266	0.0266
  O	0.027	0.0269	0.0269	0.0269	0.0269	0.0271	0.0293	0.0269	0.0269	0.0269	0.0269	0.0274	0.0322	0.0274	0	0.0386	0.0269	0.0269	0.0268	0.0269	0.0268	0.0269	0.0269	0.0269	0.0268	0.0269	0.0269	0.0269	0.0269	0.0269	0.0269	0.0268	0.0269	0.0269	0.0269	0.0269	0.0269
  P	0.0268	0.0267	0.0267	0.0267	0.0267	0.0269	0.0291	0.0267	0.0267	0.0268	0.0267	0.0272	0.032	0.0272	0.0383	0	0.0267	0.0267	0.0267	0.0267	0.0266	0.0267	0.0267	0.0267	0.0267	0.0267	0.0267	0.0267	0.0267	0.0267	0.0267	0.0266	0.0267	0.0267	0.0267	0.0267	0.0267
  Q	0.027	0.0271	0.0271	0.0271	0.0271	0.0271	0.027	0.027	0.0271	0.0271	0.0271	0.0271	0.0271	0.0271	0.0271	0.0271	0	0.0361	0.027	0.0271	0.027	0.027	0.027	0.0271	0.027	0.036	0.0271	0.027	0.027	0.027	0.0271	0.027	0.0271	0.027	0.0271	0.0271	0.0271
  R	0.0267	0.0268	0.0268	0.0268	0.0268	0.0268	0.0268	0.0268	0.0268	0.0268	0.0268	0.0268	0.0268	0.0268	0.0268	0.0268	0.0357	0	0.0357	0.0357	0.0267	0.0268	0.0268	0.0268	0.0268	0.0357	0.0268	0.0268	0.0268	0.0268	0.0268	0.0267	0.0268	0.0268	0.0268	0.0268	0.0268
  S	0.0274	0.0275	0.0275	0.0275	0.0275	0.0275	0.0274	0.0275	0.0275	0.0275	0.0275	0.0275	0.0275	0.0275	0.0275	0.0275	0.0275	0.0366	0	0.0366	0.0274	0.0275	0.0275	0.0275	0.0274	0.0275	0.0275	0.0275	0.0274	0.0275	0.0275	0.0274	0.0275	0.0275	0.0275	0.0275	0.0275
  T	0.0262	0.0263	0.0263	0.0263	0.0263	0.0263	0.0263	0.0263	0.0263	0.0263	0.0263	0.0263	0.0263	0.0263	0.0263	0.0263	0.0263	0.035	0.035	0	0.0349	0.035	0.0263	0.0263	0.0263	0.0263	0.0263	0.0263	0.0263	0.0263	0.0263	0.0262	0.0263	0.0263	0.0263	0.0263	0.0263
  U	0.0289	0.029	0.029	0.029	0.029	0.029	0.029	0.029	0.029	0.029	0.029	0.029	0.029	0.029	0.029	0.029	0.029	0.029	0.029	0.0387	0	0.0387	0.0436	0.029	0.029	0.029	0.029	0.029	0.029	0.029	0.029	0.0289	0.029	0.029	0.029	0.029	0.029
  V	0.0265	0.0265	0.0265	0.0265	0.0265	0.0265	0.0265	0.0265	0.0265	0.0265	0.0265	0.0265	0.0265	0.0265	0.0265	0.0265	0.0265	0.0265	0.0265	0.0354	0.0353	0	0.0265	0.0265	0.0265	0.0265	0.0265	0.0265	0.0265	0.0265	0.0265	0.0265	0.0265	0.0265	0.0265	0.0265	0.0265
  W	0.0261	0.0261	0.0261	0.0261	0.0261	0.0261	0.0261	0.0261	0.0261	0.0261	0.0261	0.0261	0.0261	0.0261	0.0261	0.0261	0.0261	0.0261	0.0261	0.0261	0.0391	0.0261	0	0.0261	0.0261	0.0261	0.0261	0.0261	0.0261	0.0261	0.0261	0.0261	0.0261	0.0261	0.0261	0.0261	0.0261
  X	0.0265	0.0274	0.0287	0.0267	0.0269	0.0266	0.0265	0.0265	0.0265	0.0265	0.0265	0.0266	0.0266	0.0266	0.0265	0.0266	0.0265	0.0265	0.0265	0.0265	0.0265	0.0265	0.0265	0	0.0377	0.0265	0.0265	0.0265	0.0283	0.0283	0.0286	0.0268	0.0268	0.0274	0.0273	0.0273	0.0286
  Y	0.0277	0.0286	0.0298	0.0278	0.028	0.0277	0.0276	0.0277	0.0277	0.0277	0.0277	0.0277	0.0277	0.0277	0.0277	0.0277	0.0277	0.0277	0.0276	0.0277	0.0276	0.0277	0.0277	0.0393	0	0.0415	0.0277	0.0277	0.0294	0.0295	0.0298	0.0279	0.028	0.0285	0.0284	0.0284	0.0298
  Z	0.0266	0.0266	0.0266	0.0266	0.0266	0.0266	0.0266	0.0266	0.0266	0.0266	0.0266	0.0266	0.0266	0.0266	0.0266	0.0266	0.0355	0.0355	0.0266	0.0266	0.0266	0.0266	0.0266	0.0266	0.0399	0	0.0399	0.0266	0.0266	0.0266	0.0266	0.0266	0.0266	0.0266	0.0266	0.0266	0.0266
  [	0.0269	0.027	0.027	0.027	0.027	0.027	0.027	0.027	0.027	0.027	0.027	0.027	0.027	0.027	0.027	0.027	0.027	0.027	0.027	0.027	0.0269	0.027	0.027	0.027	0.027	0.0405	0	0.027	0.027	0.027	0.027	0.0269	0.027	0.027	0.027	0.027	0.027
  \	0.0272	0.0273	0.0273	0.0273	0.0273	0.0273	0.0273	0.0273	0.0273	0.0273	0.0273	0.0273	0.0273	0.0273	0.0273	0.0273	0.0273	0.0273	0.0273	0.0273	0.0272	0.0273	0.0273	0.0273	0.0273	0.0273	0.0273	0	0.0547	0.0273	0.0273	0.0272	0.0273	0.0273	0.0273	0.0273	0.0273
  ]	0.0271	0.0276	0.0282	0.0272	0.0273	0.0272	0.0271	0.0272	0.0272	0.0272	0.0272	0.0272	0.0272	0.0272	0.0272	0.0272	0.0272	0.0272	0.0271	0.0272	0.0271	0.0272	0.0272	0.0289	0.0289	0.0272	0.0272	0.0545	0	0.0385	0.031	0.0277	0.0278	0.0288	0.0275	0.0275	0.0282
  ^	0.0269	0.0273	0.028	0.027	0.0271	0.0269	0.0269	0.0269	0.0269	0.0269	0.0269	0.0269	0.0269	0.0269	0.0269	0.0269	0.0269	0.0269	0.0269	0.0269	0.0268	0.0269	0.0269	0.0287	0.0286	0.0269	0.0269	0.0269	0.0381	0	0.0307	0.0274	0.0275	0.0286	0.0273	0.0273	0.0279
  _	0.0265	0.0271	0.0278	0.0266	0.0267	0.0266	0.0265	0.0265	0.0265	0.0265	0.0265	0.0266	0.0266	0.0266	0.0265	0.0266	0.0265	0.0265	0.0265	0.0265	0.0265	0.0265	0.0265	0.0286	0.0286	0.0265	0.0265	0.0265	0.0303	0.0303	0	0.0294	0.0295	0.0339	0.027	0.027	0.0277
  `	0.0287	0.0288	0.0289	0.0287	0.0287	0.0287	0.0287	0.0287	0.0287	0.0287	0.0287	0.0287	0.0287	0.0287	0.0287	0.0287	0.0287	0.0287	0.0287	0.0287	0.0286	0.0287	0.0287	0.029	0.029	0.0287	0.0287	0.0287	0.0293	0.0293	0.0319	0	0.0401	0.0351	0.0288	0.0288	0.0289
  a	0.0262	0.0263	0.0264	0.0263	0.0263	0.0263	0.0262	0.0263	0.0263	0.0263	0.0263	0.0263	0.0263	0.0263	0.0263	0.0263	0.0263	0.0263	0.0262	0.0263	0.0262	0.0262	0.0262	0.0265	0.0265	0.0263	0.0263	0.0262	0.0268	0.0268	0.0292	0.0366	0	0.0321	0.0263	0.0263	0.0264
  b	0.027	0.0272	0.0275	0.0271	0.0271	0.027	0.027	0.027	0.027	0.027	0.027	0.027	0.027	0.027	0.027	0.027	0.027	0.027	0.027	0.027	0.027	0.027	0.027	0.0279	0.0279	0.027	0.027	0.027	0.0287	0.0287	0.0345	0.033	0.0331	0	0.0272	0.0272	0.0275
  c	0.0269	0.0277	0.0286	0.027	0.0272	0.0269	0.0269	0.0269	0.0269	0.0269	0.0269	0.0269	0.0269	0.0269	0.0269	0.0269	0.0269	0.0269	0.0269	0.0269	0.0269	0.0269	0.0269	0.0277	0.0277	0.0269	0.0269	0.0269	0.0273	0.0273	0.0274	0.0269	0.027	0.0271	0	0.0377	0.0332
  d	0.027	0.0278	0.0287	0.0271	0.0273	0.027	0.027	0.027	0.027	0.027	0.027	0.027	0.027	0.027	0.027	0.027	0.027	0.027	0.027	0.027	0.027	0.027	0.027	0.0278	0.0277	0.027	0.027	0.027	0.0274	0.0274	0.0274	0.027	0.0271	0.0272	0.0379	0	0.0334
  e	0.0271	0.0291	0.0316	0.0274	0.0279	0.027	0.027	0.027	0.027	0.027	0.027	0.0271	0.0271	0.0271	0.027	0.027	0.027	0.027	0.027	0.027	0.027	0.027	0.027	0.0291	0.0291	0.027	0.027	0.027	0.028	0.0281	0.0283	0.0271	0.0272	0.0275	0.0334	0.0334	0

