Character to attribute mapping:
  A: 0.ANT
  B: 0.PE
  C: 0.PRE
  D: 1.ANT
  E: 1.IN
  F: 1.ORI
  G: 1.PRE
  H: 2.ANT
  I: 2.MED
  J: 3.ANT
  K: 4.ANT
  L: ?


Substitution rate (mu): 0.000121

Equilibrium frequencies (pi_i):
  A: 0.1048
  B: 0.1277
  C: 0.0815
  D: 0.0615
  E: 0.1068
  F: 0.1008
  G: 0.0734
  H: 0.0874
  I: 0.1235
  J: 0.0681
  K: 0.0647

Symmetrized rates from j->i (W_ij):
	A	B	C	D	E	F	G	H	I	J	K
  A	0	0.189	0.8432	1.3688	0.6015	0.4108	0.9158	0.6588	0.2988	1.0655	1.1578
  B	0.189	0	0.2823	0.4032	0.2095	0.1827	0.3022	0.2443	0.1388	0.3439	0.3667
  C	0.8432	0.2823	0	4.018	1.3543	0.7381	1.8824	1.3679	0.5061	2.6228	2.9362
  D	1.3688	0.4032	4.018	0	2.6912	1.1408	7.2004	2.4665	0.7628	5.9591	6.9797
  E	0.6015	0.2095	1.3543	2.6912	0	1.0149	1.9693	0.9644	0.3642	1.8143	2.0186
  F	0.4108	0.1827	0.7381	1.1408	1.0149	0	0.743	0.5796	0.2743	0.9095	0.9826
  G	0.9158	0.3022	1.8824	7.2004	1.9693	0.743	0	1.4085	0.5243	2.6156	2.9129
  H	0.6588	0.2443	1.3679	2.4665	0.9644	0.5796	1.4085	0	0.4115	1.7872	1.9666
  I	0.2988	0.1388	0.5061	0.7628	0.3642	0.2743	0.5243	0.4115	0	0.6256	0.6732
  J	1.0655	0.3439	2.6228	5.9591	1.8143	0.9095	2.6156	1.7872	0.6256	0	4.1615
  K	1.1578	0.3667	2.9362	6.9797	2.0186	0.9826	2.9129	1.9666	0.6732	4.1615	0

Actual rates from j->i (Q_ij):
	A	B	C	D	E	F	G	H	I	J	K
  A	0	0.0198	0.0883	0.1434	0.063	0.043	0.096	0.069	0.0313	0.1116	0.1213
  B	0.0241	0	0.036	0.0515	0.0267	0.0233	0.0386	0.0312	0.0177	0.0439	0.0468
  C	0.0687	0.023	0	0.3273	0.1103	0.0601	0.1533	0.1114	0.0412	0.2137	0.2392
  D	0.0842	0.0248	0.2472	0	0.1656	0.0702	0.4431	0.1518	0.0469	0.3667	0.4295
  E	0.0642	0.0224	0.1446	0.2874	0	0.1084	0.2103	0.103	0.0389	0.1937	0.2156
  F	0.0414	0.0184	0.0744	0.115	0.1023	0	0.0749	0.0584	0.0277	0.0917	0.0991
  G	0.0672	0.0222	0.1381	0.5282	0.1445	0.0545	0	0.1033	0.0385	0.1919	0.2137
  H	0.0576	0.0213	0.1195	0.2155	0.0843	0.0506	0.1231	0	0.0359	0.1561	0.1718
  I	0.0369	0.0171	0.0625	0.0942	0.045	0.0339	0.0647	0.0508	0	0.0772	0.0831
  J	0.0726	0.0234	0.1786	0.4059	0.1236	0.0619	0.1781	0.1217	0.0426	0	0.2834
  K	0.0749	0.0237	0.1899	0.4514	0.1306	0.0635	0.1884	0.1272	0.0435	0.2691	0

