	0	1	2	3	4	5	6	7	8	9	10	11	12	13	14	15	16	17	18	19	20	21	22	23	24	25	26	27	28	29	30	31	32	33	34	35	36	37	38	39	40	41	42	43	44	45	46	47	48	49	50	51	52	53	54	55	56	57	58	59	60	61	62	63	64	65	66	67	68	69	70	71	72	73	74	75	76	77	78	79	80	81	82	83	84	85	86	87	88	89	90	91	92	93	94	95	96	97	98	99	100	101	102	103	104	105	106	107	108	109	110	111	112	113	114	115	116	117	118	119	120	121	122	123	124	125	126	127	128	129	130	131	132	133	134	135	136	137	138	139	140	141	142	143	144	145	146	147	148	149	150
D51	588934.0	420752.0	395333.0	355629.0	310920.0	272245.0	239043.0	212009.0	191600.0	171206.0	153005.0	136979.0	124941.0	112225.0	101831.0	91306.0	83058.0	75657.0	68782.0	63077.0	57957.0	52373.0	47858.0	43439.0	40843.0	37123.0	33599.0	30782.0	27963.0	26449.0	23559.0	21636.0	19937.0	18259.0	16426.0	15162.0	14157.0	12904.0	11397.0	10644.0	9552.0	8772.0	7571.0	7229.0	6516.0	5786.0	5302.0	4705.0	4249.0	3869.0	3388.0	2901.0	2809.0	2571.0	2313.0	2179.0	1832.0	1604.0	1510.0	1387.0	1224.0	1017.0	933.0	899.0	787.0	659.0	632.0	534.0	491.0	422.0	361.0	320.0	302.0	283.0	262.0	238.0	237.0	223.0	214.0	162.0	150.0	138.0	150.0	151.0	151.0	150.0	126.0	130.0	112.0	91.0	79.0	76.0	85.0	78.0	62.0	66.0	51.0	49.0	34.0	30.0	37.0	42.0	41.0	32.0	22.0	25.0	11.0	19.0	13.0	19.0	9.0	23.0	15.0	14.0	20.0	11.0	17.0	17.0	17.0	13.0	20.0	20.0	9.0	14.0	17.0	14.0	15.0	6.0	13.0	3.0	5.0	2.0	2.0	7.0	7.0	4.0	2.0	4.0	2.0	3.0	10.0	9.0	2.0	3.0	9.0	2.0	11.0	3.0	5.0	9.0	3.0
	0	1	2	3	4	5	6	7	8	9	10	11	12	13	14	15	16	17	18	19	20	21	22	23	24	25	26	27	28	29	30	31	32	33	34	35	36	37	38	39	40	41	42	43	44	45	46	47	48	49	50	51	52
D62	848982.0	672630.0	626549.0	547005.0	463342.0	383797.0	308506.0	247055.0	190531.0	144436.0	108819.0	79656.0	57151.0	41879.0	29649.0	21082.0	15544.0	10843.0	7839.0	5648.0	4248.0	2975.0	2215.0	1630.0	1341.0	1191.0	948.0	825.0	624.0	560.0	405.0	322.0	265.0	259.0	234.0	199.0	140.0	118.0	96.0	66.0	48.0	41.0	39.0	32.0	34.0	16.0	12.0	10.0	6.0	5.0	4.0	2.0	2.0
	0	1	2	3	4	5	6	7	8	9	10	11	12	13	14	15	16	17	18	19	20	21	22	23	24	25	26	27	28	29	30	31	32	33	34	35	36	37	38	39	40	41	42	43	44	45	46	47	48	49	50	51	52	53	54	55	56	57	58	59	60	61	62	63	64	65	66	67	68	69	70	71	72	73	74	75	76	77	78	79	80	81	82	83	84	85	86	87	88	89	90	91	92	93	94	95	96	97	98	99	100	101	102	103	104	105	106	107	108	109	110	111	112	113	114	115	116	117	118	119	120	121	122	123	124	125	126	127	128	129	130	131	132	133	134	135	136	137	138	139	141	142	143	144	145
D71	290122.0	109565.0	123256.0	132869.0	134191.0	136132.0	133519.0	133081.0	129278.0	126168.0	124601.0	120679.0	116192.0	113392.0	109925.0	105639.0	104179.0	100699.0	96039.0	93208.0	91017.0	90341.0	87075.0	84294.0	82145.0	79749.0	76634.0	74190.0	72345.0	70179.0	67766.0	64776.0	62324.0	59968.0	58165.0	55990.0	54362.0	51975.0	50777.0	48276.0	46748.0	44100.0	42329.0	40254.0	39536.0	38028.0	36676.0	35329.0	33654.0	32171.0	30945.0	29210.0	28094.0	26456.0	25179.0	24103.0	22798.0	22278.0	21056.0	20179.0	18889.0	17898.0	16907.0	15595.0	14911.0	13842.0	13173.0	12289.0	11354.0	10944.0	10030.0	9454.0	8900.0	8480.0	7614.0	6998.0	6389.0	6203.0	5663.0	5342.0	4931.0	4500.0	4139.0	3830.0	3581.0	3217.0	2892.0	2739.0	2496.0	2181.0	1975.0	1931.0	1696.0	1532.0	1395.0	1202.0	1149.0	1053.0	1002.0	812.0	753.0	656.0	566.0	512.0	502.0	447.0	356.0	319.0	249.0	241.0	219.0	196.0	174.0	171.0	140.0	158.0	100.0	99.0	103.0	81.0	41.0	39.0	59.0	39.0	30.0	28.0	17.0	22.0	31.0	32.0	27.0	25.0	20.0	18.0	16.0	5.0	7.0	5.0	1.0	5.0	3.0	5.0	1.0	2.0	2.0
	0	1	2	3	4	5	6	7	8	9	10	11	12	13	14	15	16	17	18	19	20	21	22	23	24	25	26	27	28	29	30	31	32	33	34	35	36	37	38	39	40	41	42	43	44	45	46	47	48	49	50	51	52	53	54	55	56	57	58	59	60	61	62	63	64	65	66	67	68	69	70	71	72	73	74	75	76	77	78	79	80
D72	541031.0	429018.0	450850.0	440677.0	413035.0	377084.0	340467.0	302308.0	263155.0	226220.0	191078.0	160612.0	134219.0	112410.0	91179.0	73875.0	59299.0	47489.0	37136.0	30515.0	23910.0	18496.0	14011.0	10932.0	8356.0	6409.0	4852.0	3922.0	3303.0	2466.0	2001.0	1534.0	1292.0	1025.0	952.0	793.0	593.0	455.0	444.0	368.0	262.0	215.0	186.0	179.0	152.0	122.0	104.0	87.0	83.0	67.0	51.0	65.0	56.0	60.0	35.0	33.0	73.0	19.0	19.0	24.0	20.0	16.0	16.0	9.0	19.0	8.0	5.0	14.0	16.0	18.0	7.0	10.0	5.0	5.0	7.0	3.0	4.0	5.0	3.0	1.0	1.0
	0	1	2	3	4	5	6	7	8	9	10	11	12	13	14	15	16	17	18	19	20	21	22	23	24	25	26	27	28	29	30	31	32	33	34	35	36	37	38	39	40	41	42	43	44	45	46	47	48	49	50	51	52	53	54	55	56	57	58	59	60	61	62	63	64	65	66	67	68	69	70	71	72	73	74	75	76	77	78	79	80	81	82	83	84	85	86	87	88	89	90	91	92	93	94	95	96	97	98	99	100	101	102	103	104	105	106	107	108	109	110	111	112	113	114	115	116	117	118	119	120	121	122	123
D75	297334.0	102414.0	115087.0	128131.0	134239.0	139574.0	142031.0	144244.0	144594.0	143823.0	145104.0	144726.0	143296.0	143154.0	141951.0	138654.0	137667.0	134790.0	133394.0	129251.0	126510.0	121164.0	118695.0	115408.0	110181.0	105498.0	101571.0	97789.0	93088.0	87308.0	82181.0	77020.0	71242.0	66037.0	61541.0	56156.0	51687.0	46314.0	41785.0	37694.0	33462.0	30235.0	26599.0	24047.0	21228.0	18447.0	15893.0	13549.0	11760.0	10395.0	8961.0	7737.0	6711.0	5517.0	4706.0	4094.0	3493.0	3130.0	2655.0	2182.0	1881.0	1623.0	1569.0	1323.0	1250.0	1115.0	1010.0	877.0	835.0	793.0	735.0	723.0	721.0	609.0	615.0	536.0	570.0	480.0	512.0	443.0	409.0	336.0	364.0	350.0	290.0	278.0	271.0	248.0	244.0	187.0	143.0	125.0	117.0	101.0	94.0	97.0	93.0	88.0	58.0	40.0	43.0	48.0	62.0	54.0	31.0	29.0	23.0	30.0	25.0	31.0	21.0	38.0	29.0	20.0	23.0	26.0	7.0	6.0	3.0	4.0	8.0	3.0	8.0	2.0
	0	1	2	3	4	5	6	7	8	9	10	11	12	13	14	15	16	17	18	19	20	21	22	23	24	25	26	27	28	29	30	31	32	33	34	35	36	37	38	39	40	41	42	43	44	45	46	47	48	49	50	51	52	53	54	55	56	57	58	59	60	61	62	63	64	65	66	67	68	69	70	71	72	73	74	75	76	77	78	79	80	81	82	83	84	85	86	87	88	89	90	91	92	93	94	95	96	97	98	99	100	101	102	103	104	105	106	107	108	109	110	111	112	113	114	115	116	117	118	119	120	121	122	123	124	125	126	127	128	129	130	131	132	133	134	135	136	137	138	139	140	141	142	143	144	145	146	147	148	149	150	151	152	153	154	155	156	157	158	159	160	161	162	163	164	165	166	167
P187	1040186.0	650593.0	502158.0	398398.0	326525.0	273089.0	231285.0	198002.0	171153.0	147758.0	129310.0	111132.0	96045.0	82746.0	70353.0	61681.0	52301.0	44938.0	37821.0	31816.0	27515.0	23329.0	19120.0	16557.0	13498.0	11023.0	8947.0	7336.0	5742.0	4625.0	3937.0	3372.0	3059.0	2427.0	2074.0	1661.0	1417.0	1201.0	1101.0	1029.0	892.0	801.0	725.0	667.0	613.0	519.0	484.0	464.0	402.0	437.0	406.0	404.0	332.0	325.0	244.0	274.0	284.0	254.0	206.0	162.0	135.0	132.0	143.0	119.0	86.0	78.0	63.0	53.0	56.0	54.0	59.0	55.0	56.0	49.0	55.0	59.0	53.0	34.0	32.0	30.0	44.0	49.0	48.0	41.0	51.0	60.0	46.0	36.0	48.0	52.0	48.0	45.0	58.0	51.0	66.0	50.0	51.0	53.0	49.0	51.0	54.0	45.0	64.0	69.0	80.0	81.0	74.0	65.0	61.0	66.0	62.0	64.0	40.0	47.0	39.0	41.0	39.0	36.0	45.0	54.0	50.0	52.0	50.0	49.0	46.0	55.0	40.0	37.0	46.0	36.0	45.0	38.0	42.0	36.0	36.0	28.0	30.0	34.0	21.0	21.0	36.0	25.0	19.0	21.0	27.0	21.0	19.0	22.0	29.0	26.0	13.0	20.0	18.0	5.0	10.0	11.0	2.0	4.0	5.0	11.0	6.0	14.0	4.0	3.0	5.0	3.0	2.0	3.0
	0	1	2	3	4	5	6	7	8	9	10	11	12	13	14	15	16	17	18	19	20	21	22	23	24	25	26	27	28	29	30	31	32	33	34	35	36	37	38	39	40	41	42	43	44	45	46	47	48	49	50	51	52	53	54	55	56	57	58	59	60	61	62	63	64	65	66	67	68	69	70	71	72	73	74	75	76	77	78	79	80	81	82	83	84	85	86	87	88	89	90	91	92	93	94	95	96	97	98	99	100	101	102	103	104	105	106	107	108	109	110	111	112	113	114	115	116	117	118	119	120	121	122	123	124	125	126	127	128	129	130	131	132	133	134	135	136	137	138	139	140	141	142	143	144	145	146	147	148	149	150	151	152	153	154	155	156	157	158	159	160	161	162	163	164	165	167	168	169	170	171	172	173
P212	910332.0	538966.0	415666.0	338566.0	290007.0	249897.0	220594.0	193828.0	172751.0	156997.0	143036.0	128827.0	117333.0	107366.0	95057.0	87251.0	78592.0	70083.0	62157.0	55636.0	49263.0	43521.0	38651.0	33271.0	28766.0	24888.0	21926.0	19004.0	16683.0	14288.0	12514.0	10587.0	9041.0	8013.0	6958.0	5737.0	5301.0	4445.0	3883.0	3528.0	3020.0	2630.0	2284.0	2141.0	1915.0	1713.0	1571.0	1477.0	1279.0	1168.0	1069.0	915.0	850.0	785.0	748.0	638.0	633.0	612.0	594.0	555.0	550.0	506.0	473.0	413.0	370.0	353.0	319.0	337.0	308.0	250.0	224.0	243.0	202.0	182.0	147.0	169.0	159.0	144.0	151.0	120.0	129.0	118.0	135.0	106.0	94.0	83.0	84.0	94.0	97.0	78.0	79.0	57.0	53.0	64.0	69.0	52.0	46.0	53.0	57.0	48.0	38.0	51.0	54.0	49.0	58.0	61.0	73.0	62.0	76.0	65.0	58.0	60.0	59.0	79.0	73.0	66.0	76.0	60.0	78.0	81.0	63.0	50.0	72.0	88.0	72.0	65.0	71.0	82.0	54.0	65.0	64.0	58.0	58.0	47.0	48.0	34.0	35.0	31.0	32.0	41.0	40.0	32.0	43.0	41.0	45.0	37.0	23.0	23.0	18.0	13.0	6.0	13.0	4.0	3.0	1.0	7.0	4.0	2.0	5.0	3.0	8.0	7.0	8.0	12.0	4.0	7.0	2.0	2.0	4.0	1.0	1.0	5.0	1.0
	0	1	2	3	4	5	6	7	8	9	10	11	12	13	14	15	16	17	18	19	20	21	22	23	24	25	26	27	28	29	30	31	32	33	34	35	36	37	38	39	40	41	42	43	44	45	46	47	48	49	50	51	52	53	54	55	56	57	58	59	60	61	62	63	64	65	66	67	68	69	70	71	72	73	74	75	76	77	78	79	80	81	82	83	84	85	86	87	88	89	90	91	92	93	94	95	96	97	98	99	100	101	102	103	104	105	106	107	108	109	110	111	112	113	114	115	116	117	118	119	120	121	122	123	124	125	126	127	128	129	130	131	132	133	134	135	136	137	138	139	140	141	142	143	144	145	146	147	148	149	150	151	152	153	154	155	156	157	158	159	160	161	162	163	164	165	166
P387	985799.0	563695.0	432962.0	348099.0	284372.0	240981.0	209645.0	181592.0	160979.0	144744.0	129628.0	117298.0	106979.0	97998.0	88659.0	80601.0	73788.0	66969.0	59448.0	53429.0	48452.0	43627.0	38360.0	34332.0	29820.0	26928.0	23549.0	20904.0	18607.0	15965.0	14010.0	12168.0	10216.0	8834.0	7187.0	5968.0	4885.0	4286.0	3431.0	2951.0	2512.0	2171.0	1787.0	1507.0	1311.0	1107.0	960.0	896.0	794.0	714.0	678.0	651.0	646.0	547.0	569.0	491.0	438.0	438.0	385.0	358.0	337.0	339.0	290.0	236.0	206.0	195.0	218.0	169.0	164.0	131.0	131.0	131.0	112.0	116.0	89.0	80.0	53.0	59.0	52.0	55.0	61.0	56.0	81.0	80.0	69.0	66.0	57.0	62.0	59.0	63.0	51.0	66.0	56.0	78.0	71.0	50.0	62.0	67.0	83.0	71.0	59.0	62.0	67.0	75.0	95.0	75.0	101.0	124.0	106.0	93.0	96.0	92.0	86.0	81.0	77.0	82.0	78.0	94.0	95.0	102.0	108.0	95.0	87.0	110.0	92.0	100.0	98.0	80.0	107.0	86.0	108.0	94.0	109.0	88.0	99.0	77.0	79.0	74.0	63.0	70.0	65.0	52.0	49.0	28.0	37.0	36.0	31.0	27.0	23.0	26.0	11.0	23.0	17.0	30.0	26.0	20.0	23.0	24.0	14.0	35.0	18.0	22.0	22.0	29.0	15.0	8.0	3.0
	0	1	2	3	4	5	6	7	8	9	10	11	12	13	14	15	16	17	18	19	20	21	22	23	24	25	26	27	28	29	30	31	32	33	34	35	36	37	38	39	40	41	42	43	44	45	46	47	48	49	50	51	52	53	54	55	56	57	58	59	60	61	62	63	64	65	66	67	68	69	70	71	72	73	74	75	76	77	78	79	80	81	82	83	84	85	86	87	88	89	90	91	92	93	94	95	96	97	98	99	100	101	102	103	104	105	106	107	108	109	110	111	112	113	114	115	116	117	118	119	120	121	122	123	124	125	126	127	128	129	130	131	132	133	134	135	136	137	138	139	140	141	142	143	144	145	146	147	148	149	150	151
R36	259089.0	70799.0	85635.0	100127.0	103681.0	109693.0	112829.0	114048.0	113307.0	114043.0	113750.0	112592.0	110528.0	109077.0	107705.0	106634.0	104866.0	103426.0	103028.0	100653.0	99142.0	96738.0	94689.0	93104.0	90679.0	88870.0	87074.0	85174.0	83704.0	80993.0	78624.0	77291.0	74568.0	73208.0	71577.0	68690.0	66688.0	64578.0	62919.0	60082.0	58463.0	56670.0	54637.0	52504.0	50885.0	48494.0	46070.0	44267.0	42413.0	40490.0	37706.0	36159.0	33955.0	32092.0	30115.0	27662.0	25657.0	23940.0	22332.0	20549.0	18653.0	17182.0	16052.0	14411.0	12992.0	11808.0	10923.0	9827.0	8512.0	7708.0	6887.0	6179.0	5336.0	4792.0	4221.0	3604.0	3087.0	2720.0	2416.0	2146.0	1891.0	1638.0	1422.0	1189.0	1051.0	894.0	821.0	749.0	704.0	663.0	608.0	605.0	515.0	501.0	466.0	465.0	402.0	431.0	402.0	403.0	403.0	415.0	370.0	399.0	350.0	315.0	276.0	246.0	249.0	219.0	206.0	197.0	178.0	156.0	141.0	152.0	127.0	145.0	120.0	104.0	86.0	67.0	84.0	58.0	67.0	41.0	35.0	34.0	34.0	38.0	30.0	31.0	23.0	23.0	19.0	17.0	23.0	16.0	6.0	14.0	10.0	13.0	10.0	12.0	12.0	12.0	15.0	4.0	5.0	4.0	5.0	1.0
	0	1	2	3	4	5	6	7	8	9	10	11	12	13	14	15	16	17	18	19	20	21	22	23	24	25	26	27	28	29	30	31	32	33	34	35	36	37	38	39	40	41	42	43	44	45	46	47	48	49	50	51	52	53	54	55	56	57	58	59	60	61	62	63	64	65	66	67	68	69	70	71	72	73	74	75	76	77	78	79	80	81	82	83	84	85	86	87	88	89	90	91	92	93	94	95	96	97	98	99	100	101	102	103	104	106	108	109	110	112	113	114	115	116	117	118	119	120	121	122	123	124
SAMEA3713711	428034.0	50643.0	68747.0	112557.0	164536.0	219982.0	267389.0	303979.0	318557.0	321948.0	306637.0	283181.0	254028.0	225422.0	193864.0	164436.0	138044.0	116559.0	97482.0	82159.0	70075.0	60054.0	51337.0	45367.0	39861.0	35465.0	32215.0	29204.0	27237.0	24022.0	22620.0	20976.0	19826.0	18127.0	16842.0	15652.0	14721.0	13965.0	13125.0	12007.0	10750.0	9877.0	9421.0	8804.0	8112.0	7661.0	7132.0	6362.0	5969.0	5470.0	5018.0	4551.0	4035.0	3522.0	3258.0	2980.0	2777.0	2486.0	2302.0	2070.0	1917.0	1699.0	1544.0	1385.0	1190.0	1111.0	1000.0	794.0	743.0	676.0	604.0	529.0	474.0	380.0	319.0	270.0	265.0	194.0	200.0	129.0	137.0	120.0	107.0	96.0	60.0	64.0	61.0	55.0	42.0	23.0	19.0	20.0	13.0	20.0	22.0	11.0	10.0	10.0	12.0	13.0	2.0	1.0	8.0	4.0	3.0	1.0	2.0	2.0	1.0	2.0	2.0	1.0	1.0	1.0	2.0	1.0	1.0	1.0	2.0	1.0	5.0	34.0
	0	1	2	3	4	5	6	7	8	9	10	11	12	13	14	15	16	17	18	19	20	21	22	23	24	25	26	27	28	29	30	31	32	33	34	35	36	37	38	39	40	41	42	43	44	45	46	47	48	49	50	51	52	53	54	55	56	57	58	59	60	61	62	63	64	65	66	67	68	69	70	71	72	73	74	75	76	77	78	79	80	81	82	83	84	85	86	87	88	89	90	91	92	93	94	95	96	97	98	99	100	101	102	103	104	105	106	107	108	109	110	111	112	113	114	115	116	117	118	119	120	121	122	123	124	125	126	127	128	129	130	131	132	133	134	135	136	137	138	139	140	141	146	147	150	152	153	154	155	156	157	158	160	161	162	163	164	165	166	167	168	169	170	171	172	174	175	176	177	178	179	180	182	183	184	186	187	188	189	190	191	192
SAMEA3713712	409524.0	27777.0	20577.0	32211.0	50692.0	77768.0	111907.0	148569.0	186876.0	226917.0	260142.0	283667.0	295355.0	298297.0	288705.0	271553.0	247836.0	220670.0	192944.0	166089.0	139240.0	114494.0	92946.0	76569.0	61971.0	50120.0	41720.0	34386.0	29189.0	25025.0	22375.0	20074.0	17987.0	16894.0	15838.0	14325.0	13564.0	12874.0	12040.0	11841.0	11234.0	10585.0	10107.0	9863.0	8862.0	8442.0	7934.0	7772.0	7564.0	7019.0	6659.0	6450.0	5973.0	5728.0	5431.0	5127.0	4578.0	4351.0	4317.0	3828.0	3435.0	3346.0	3047.0	3000.0	2668.0	2541.0	2324.0	2162.0	1953.0	1746.0	1765.0	1596.0	1441.0	1366.0	1176.0	1137.0	998.0	938.0	857.0	857.0	730.0	633.0	656.0	568.0	544.0	518.0	529.0	446.0	374.0	311.0	299.0	258.0	248.0	182.0	154.0	192.0	172.0	143.0	105.0	62.0	52.0	55.0	52.0	67.0	54.0	57.0	44.0	56.0	60.0	52.0	43.0	48.0	30.0	22.0	18.0	26.0	11.0	17.0	24.0	20.0	8.0	4.0	7.0	7.0	6.0	13.0	4.0	6.0	6.0	7.0	3.0	6.0	2.0	5.0	3.0	4.0	4.0	5.0	4.0	1.0	1.0	1.0	2.0	2.0	1.0	1.0	2.0	1.0	1.0	1.0	2.0	1.0	2.0	1.0	1.0	1.0	1.0	1.0	1.0	1.0	1.0	1.0	1.0	1.0	2.0	1.0	2.0	1.0	2.0	2.0	2.0	2.0	2.0	1.0	2.0	1.0	1.0	2.0	1.0	2.0	8.0	30.0
	0	1	2	3	4	5	6	7	8	9	10	11	12	13	14	15	16	17	18	19	20	21	22	23	24	25	26	27	28	29	30	31	32	33	34	35	36	37	38	39	40	41	42	43	44	45	46	47	48	49	50	51	52	53	54	55	56	57	58	59	60	61	62	63	64	65	66	67	68	69	70	71	72	73	74	75	76	77	78	79	80	81	82	83	84	85	86	87	88	89	90	91	92	93	94	95	96	97	98	99	100	101	102	103	104	105	106	107	108	109	110	111	112	113	114	115	116	117	118	119	120	121	122	123	124	125	126	127	128	129	130	131	132	133	134	135	136	137	138	139
SAMEA3713713	398318.0	36416.0	16581.0	17856.0	25298.0	38427.0	53812.0	74556.0	95925.0	117910.0	140088.0	160207.0	177166.0	189371.0	198825.0	204834.0	206547.0	205582.0	199978.0	190262.0	180615.0	169286.0	158759.0	145692.0	133031.0	121365.0	109696.0	98729.0	88470.0	78646.0	69503.0	62042.0	54827.0	48710.0	43717.0	39051.0	34937.0	31279.0	28187.0	25677.0	22968.0	20933.0	19273.0	17994.0	16725.0	15196.0	14512.0	13077.0	12251.0	11374.0	10721.0	10402.0	9770.0	9301.0	8833.0	8479.0	7833.0	7380.0	6789.0	6635.0	6428.0	6295.0	6082.0	5700.0	5490.0	5228.0	5026.0	4459.0	4256.0	3966.0	3884.0	3525.0	3428.0	3221.0	3162.0	3006.0	2771.0	2543.0	2352.0	2288.0	2092.0	1805.0	1738.0	1674.0	1501.0	1503.0	1344.0	1217.0	1155.0	1076.0	1058.0	921.0	800.0	753.0	687.0	592.0	593.0	531.0	461.0	414.0	389.0	341.0	306.0	320.0	284.0	249.0	220.0	185.0	182.0	156.0	164.0	156.0	129.0	97.0	95.0	79.0	75.0	83.0	55.0	65.0	55.0	77.0	67.0	50.0	50.0	35.0	20.0	25.0	18.0	26.0	18.0	18.0	22.0	27.0	12.0	6.0	10.0	1.0	32.0	7.0
	0	1	2	3	4	5	6	7	8	9	10	11	12	13	14	15	16	17	18	19	20	21	22	23	24	25	26	27	28	29	30	31	32	33	34	35	36	37	38	39	40	41	42	43	44	45	46	47	48	49	50	51	52	53	54	55	56	57	58	59	60	61	62	63	64	65	66	67	68	69	70	71	72	73	74	75	76	77	78	79	80	81	82	83	84	85	86	87	88	89	90	91	92	93	94	95	96	97	98	99	100	101	102	103	104	105	106	107	108	109	110	111	112	113	114	115	116	117	119	121	122	123	124	125	126	127	128	129	130	131	132	133	134	135	136	137
SAMEA3713714	436506.0	84264.0	75393.0	94488.0	121991.0	150784.0	176124.0	201179.0	222933.0	237171.0	242190.0	244196.0	240268.0	233083.0	221107.0	206853.0	192100.0	175130.0	157158.0	141297.0	125944.0	109347.0	96913.0	84732.0	74747.0	64819.0	56202.0	48620.0	42258.0	35593.0	30619.0	26545.0	22925.0	19676.0	16901.0	14151.0	12337.0	10873.0	9222.0	7770.0	6835.0	5810.0	4956.0	4395.0	4227.0	3572.0	3077.0	2862.0	2558.0	2213.0	2186.0	1862.0	1870.0	1598.0	1455.0	1363.0	1258.0	1137.0	1032.0	942.0	773.0	691.0	690.0	595.0	595.0	568.0	544.0	458.0	399.0	448.0	414.0	394.0	334.0	322.0	265.0	263.0	251.0	255.0	202.0	211.0	138.0	142.0	116.0	120.0	97.0	83.0	51.0	60.0	47.0	60.0	45.0	47.0	53.0	35.0	36.0	45.0	29.0	29.0	31.0	26.0	23.0	22.0	32.0	23.0	20.0	17.0	21.0	20.0	12.0	8.0	5.0	3.0	3.0	4.0	2.0	1.0	1.0	2.0	1.0	1.0	2.0	1.0	1.0	1.0	1.0	1.0	1.0	1.0	1.0	1.0	1.0	1.0	1.0	1.0	2.0	38.0
	0	1	2	3	4	5	6	7	8	9	10	11	12	13	14	15	16	17	18	19	20	21	22	23	24	25	26	27	28	29	30	31	32	33	34	35	36	37	38	39	40	41	42	43	44	45	46	47	48	49	50	51	52	53	54	55	56	57	58	59	60	61	62	63	64	65	66	67	68	69	70	71	72	73	74	75	76	77	78	79	80	81	82	83	84	85	86	87	88	89	90	91	92	93	94	95	96	97	98	99	100	101	102	103	104	105	106	107	108	109	110	111	112	113	114	115	116	117	118	119	120	121	122	123	124	125	126	127	128	129	130	131	132	133	134	135	136	137	138	139	140	141	142	143	145	146	147	150	151	152	153	154	155	157	158	159	160
SAMEA3713715	401469.0	42140.0	17098.0	14748.0	16597.0	18902.0	23471.0	30407.0	37877.0	45984.0	56374.0	67566.0	78683.0	90905.0	103244.0	116459.0	128711.0	139615.0	148033.0	154143.0	158769.0	161860.0	164842.0	165535.0	166126.0	163329.0	159403.0	153425.0	146112.0	138742.0	131949.0	122126.0	115405.0	107359.0	99480.0	91917.0	85439.0	77653.0	69414.0	63602.0	56905.0	51490.0	45543.0	40801.0	36968.0	33130.0	29638.0	26302.0	23164.0	20205.0	18420.0	16533.0	14350.0	12584.0	11711.0	10259.0	9298.0	8373.0	7406.0	6646.0	6036.0	5107.0	4769.0	4469.0	4095.0	3748.0	3299.0	3131.0	2872.0	2681.0	2510.0	2308.0	2108.0	2049.0	1842.0	1674.0	1612.0	1435.0	1353.0	1219.0	1118.0	1132.0	1120.0	1055.0	891.0	794.0	797.0	788.0	670.0	694.0	585.0	564.0	569.0	510.0	426.0	396.0	383.0	331.0	315.0	276.0	255.0	234.0	236.0	176.0	181.0	165.0	172.0	141.0	154.0	142.0	186.0	142.0	132.0	101.0	115.0	90.0	89.0	63.0	55.0	66.0	58.0	43.0	48.0	36.0	45.0	50.0	38.0	26.0	16.0	17.0	21.0	27.0	15.0	12.0	12.0	6.0	10.0	9.0	12.0	19.0	11.0	4.0	3.0	2.0	1.0	1.0	2.0	1.0	1.0	1.0	1.0	1.0	1.0	1.0	5.0	11.0	23.0
	0	1	2	3	4	5	6	7	8	9	10	11	12	13	14	15	16	17	18	19	20	21	22	23	24	25	26	27	28	29	30	31	32	33	34	35	36	37	38	39	40	41	42	43	44	45	46	47	48	49	50	51	52	53	54	55	56	57	58	59	60	61	62	63	64	65	66	67	68	69	70	71	72	73	74	75	76	77	78	79	80	81	82	83	84	85	86	87	88	89	90	91	92	93	94	95	96	97	98	99	100	101	102	103	104	105	106	107	108	110	111	112	113
SAMEA3937653	362325.0	60395.0	80576.0	126184.0	181634.0	244595.0	302703.0	353453.0	387641.0	395073.0	382760.0	355449.0	312314.0	265911.0	216785.0	171896.0	132121.0	100552.0	73734.0	52925.0	38508.0	27687.0	20507.0	14772.0	11095.0	8510.0	7174.0	5912.0	5377.0	4588.0	4083.0	3770.0	3390.0	3191.0	3000.0	2735.0	2520.0	2457.0	1963.0	1728.0	1547.0	1437.0	1258.0	1196.0	1152.0	1080.0	1150.0	1096.0	1044.0	1091.0	1088.0	1195.0	1199.0	1331.0	1439.0	1600.0	1746.0	2033.0	2167.0	2389.0	2654.0	2893.0	3086.0	3251.0	3403.0	3566.0	3699.0	3772.0	3791.0	3816.0	3582.0	3519.0	3293.0	3112.0	2971.0	2663.0	2436.0	2104.0	1939.0	1702.0	1370.0	1195.0	983.0	890.0	713.0	629.0	551.0	406.0	341.0	272.0	195.0	143.0	103.0	116.0	87.0	62.0	60.0	51.0	44.0	24.0	27.0	26.0	28.0	14.0	8.0	9.0	12.0	4.0	2.0	2.0	2.0	1.0	2.0
	0	1	2	3	4	5	6	7	8	9	10	11	12	13	14	15	16	17	18	19	20	21	22	23	24	25	26	27	28	29	30	31	32	33	34	35	36	37	38	39	40	41	42	43	44	45	46	47	48	49	50	51	52	53	54	55	56	57	58	59	60	61	62	63	64	65	66	67	68	69	70	71	72	73	74	75	76	77	78	79	80	81	82	83	84	85	86	87	88	89	90	91	92	93	94	95	96	97	98	99	100	101	102	103	104	105	106	107	108	109	110
SAMEA3937654	344375.0	40334.0	26491.0	28593.0	37888.0	48266.0	60888.0	77225.0	97433.0	117556.0	136328.0	155753.0	175256.0	191146.0	202057.0	211674.0	217859.0	219565.0	216178.0	210556.0	204645.0	192994.0	180075.0	165810.0	152360.0	137803.0	123189.0	109352.0	96119.0	84759.0	73147.0	63429.0	54843.0	46356.0	39212.0	33331.0	28524.0	24517.0	20602.0	17278.0	15029.0	13219.0	11503.0	9874.0	8833.0	7763.0	7218.0	6684.0	6141.0	5888.0	5350.0	5162.0	4880.0	4775.0	4452.0	4197.0	4030.0	3794.0	3511.0	3417.0	3130.0	2865.0	2542.0	2330.0	2107.0	2073.0	1697.0	1624.0	1427.0	1288.0	1118.0	1124.0	927.0	794.0	763.0	690.0	531.0	484.0	383.0	336.0	302.0	284.0	227.0	158.0	163.0	165.0	147.0	122.0	96.0	93.0	71.0	68.0	38.0	40.0	35.0	28.0	32.0	19.0	8.0	3.0	2.0	6.0	5.0	2.0	8.0	3.0	3.0	2.0	1.0	4.0	1.0
	0	1	2	3	4	5	6	7	8	9	10	11	12	13	14	15	16	17	18	19	20	21	22	23	24	25	26	27	28	29	30	31	32	33	34	35	36	37	38	39	40	41	42	43	44	45	46	47	48	49	50	51	52	53	54	55	56	57	58	59	60	61	62	63	64	65	66	67	68	69	70	71	72	73	74	75	76	77	78	79	80	81	82	83	84	85	86	87	88	89	90	91	92	93	94	95	96	97	98	99	100	101	102	103	104	105	106	107	108	109	110	111	112	113	114	115	116	117	118	119	120	121	122	123	124	125	126	127	128	129	130	131	132	133	134	135	136	137	138	139	140	141	142	143	144	145	146	147	148	149	150	151	152	153	154	155	156	157	158	159	160	161	162	163	164	165	166	167	168	169	170	171	172	173	174	175	176	177	178	179	180	181	182	183	184	185	186	187
SAMEA5054089	209675.0	11659.0	8098.0	7081.0	6265.0	6065.0	5231.0	5238.0	4729.0	4998.0	5225.0	5266.0	6210.0	6971.0	7946.0	9566.0	11040.0	12998.0	16283.0	19905.0	24350.0	29636.0	35699.0	43089.0	51987.0	61901.0	72151.0	83781.0	95173.0	107521.0	119955.0	131444.0	142753.0	153158.0	163120.0	170634.0	177517.0	180951.0	183867.0	183461.0	182079.0	178393.0	172013.0	164339.0	156452.0	146756.0	137461.0	127685.0	117328.0	107081.0	96475.0	86083.0	76696.0	66644.0	58357.0	50811.0	44328.0	37847.0	32343.0	27436.0	23002.0	19328.0	15741.0	13146.0	10695.0	9136.0	7575.0	6310.0	5061.0	4130.0	3430.0	2961.0	2488.0	2201.0	2081.0	2019.0	1820.0	1769.0	1747.0	1713.0	1653.0	1656.0	1604.0	1570.0	1547.0	1519.0	1476.0	1447.0	1455.0	1489.0	1502.0	1444.0	1412.0	1360.0	1287.0	1258.0	1178.0	1204.0	1051.0	1008.0	938.0	860.0	754.0	783.0	707.0	613.0	613.0	496.0	430.0	375.0	369.0	360.0	320.0	276.0	254.0	211.0	195.0	196.0	214.0	162.0	132.0	86.0	100.0	101.0	78.0	85.0	71.0	86.0	85.0	88.0	60.0	72.0	84.0	70.0	95.0	92.0	98.0	108.0	145.0	130.0	136.0	133.0	159.0	180.0	195.0	172.0	173.0	178.0	193.0	176.0	175.0	215.0	216.0	148.0	178.0	194.0	180.0	160.0	177.0	160.0	163.0	127.0	105.0	113.0	117.0	92.0	86.0	67.0	98.0	84.0	79.0	38.0	38.0	41.0	39.0	47.0	55.0	44.0	42.0	39.0	43.0	36.0	32.0	15.0	19.0	20.0	7.0	2.0
	0	1	2	3	4	5	6	7	8	9	10	11	12	13	14	15	16	17	18	19	20	21	22	23	24	25	26	27	28	29	30	31	32	33	34	35	36	37	38	39	40	41	42	43	44	45	46	47	48	49	50	51	52	53	54	55	56	57	58	59	60	61	62	63	64	65	66	67	68	69	70	71	72	73	74	75	76	77	78	79	80	81	82	83	84	85	86	87	88	89	90	91	92	93	94	95	96	97	98	99	100	101	102	103	104	105	106	107	108	109	110	111	112	113	114	115	116	117	118	119	120	121	122	123	124	125	126	127	128	129	130	131	132	133	134	135	136	137	138	139	140	141	142	143	144	145	146	147	148	149	150	151	152	153	154	155	156	157	158	159	160	161	162	163	164	165	166	167	168	169	170	171	172	173	174	175	176	177	178	179	180	181	182	183	184	185	186	187	188	189	190	191	192	193	194	195	196	197	198	199	200	201	202	203	204	205	206	207	208	209	210	211	212	213	214	215	216	217	218	219	220	221	222	223	224	225	226	227	228	229	230	231	232	233
SAMEA5054090	211898.0	14990.0	17124.0	22611.0	29590.0	37402.0	43358.0	47236.0	51941.0	55028.0	57938.0	60298.0	62278.0	63391.0	63851.0	65274.0	65918.0	65474.0	65733.0	64155.0	64174.0	65037.0	64964.0	64574.0	63482.0	62875.0	62253.0	61600.0	61315.0	60695.0	59924.0	59239.0	58394.0	58134.0	56796.0	55738.0	54958.0	53645.0	53217.0	52580.0	51465.0	51734.0	50586.0	49479.0	49074.0	48757.0	47434.0	47378.0	46821.0	46333.0	45835.0	44394.0	43783.0	43524.0	42715.0	42715.0	42130.0	41639.0	41163.0	40653.0	39847.0	38892.0	38561.0	38488.0	38039.0	37400.0	36590.0	36222.0	35517.0	34886.0	34354.0	33988.0	34052.0	33848.0	33174.0	33224.0	32727.0	31924.0	31631.0	30909.0	30217.0	29462.0	29079.0	28417.0	27989.0	27058.0	26331.0	25992.0	25250.0	25090.0	24413.0	23976.0	23024.0	22589.0	22102.0	21403.0	20518.0	20474.0	19671.0	19146.0	18537.0	18092.0	17314.0	16599.0	16106.0	15407.0	15048.0	14141.0	13510.0	12862.0	12321.0	11934.0	11297.0	10507.0	10259.0	9384.0	8801.0	8154.0	7633.0	7220.0	6829.0	6488.0	5967.0	5452.0	5048.0	4849.0	4486.0	4042.0	3776.0	3512.0	3138.0	2746.0	2457.0	2261.0	2035.0	1867.0	1688.0	1561.0	1404.0	1299.0	1160.0	1141.0	1054.0	924.0	829.0	816.0	785.0	838.0	781.0	739.0	712.0	641.0	722.0	671.0	626.0	670.0	692.0	625.0	591.0	566.0	542.0	534.0	547.0	593.0	519.0	543.0	456.0	427.0	461.0	466.0	408.0	416.0	431.0	403.0	345.0	363.0	348.0	383.0	344.0	292.0	291.0	265.0	291.0	258.0	248.0	208.0	184.0	188.0	146.0	142.0	124.0	101.0	120.0	98.0	95.0	96.0	90.0	94.0	73.0	76.0	52.0	75.0	81.0	75.0	83.0	74.0	76.0	73.0	77.0	66.0	64.0	64.0	86.0	68.0	86.0	95.0	88.0	100.0	77.0	92.0	66.0	74.0	69.0	80.0	89.0	102.0	85.0	73.0	65.0	69.0	61.0	62.0	58.0	45.0
	0	1	2	3	4	5	6	7	8	9	10	11	12	13	14	15	16	17	18	19	20	21	22	23	24	25	26	27	28	29	30	31	32	33	34	35	36	37	38	39	40	41	42	43	44	45	46	47	48	49	50	51	52	53	54	55	56	57	58	59	60	61	62	63	64	65	66	67	68	69	70	71	72	73	74	75	76	77	78	79	80	81	82	83	84	85	86	87	88	89	90	91	92	93	94	95	96	97	98	99	100	101	102	103	104	105	106	107	108	109	110	111	112	113	114	115	116	117	118	119	120	121	122	123	124	125	126	127	128	129	130	131	132	133	134	135	136	137	138	139	140	141	142	143	144	145	146	147	148	149	150	151	152	153	154	155	156	157	158	159	160	161	162	163	164	165	166	167	168	169	170	171	172	173	174	175	176	177	178	179	180	181	182	183	184	185	186	187	188	189	190	191	192	193	194	195	196	197	198	199	200	201	202	203	204	205	206	207	208	209	210	211	212	213	214	215	216	217	218	219	220	221	222	223	224	225	226	227	228	229	230	231	232	233
SAMEA5054092	222153.0	40237.0	46051.0	52169.0	57105.0	63523.0	67671.0	69238.0	72052.0	75873.0	77563.0	81689.0	82367.0	84626.0	85685.0	87333.0	89158.0	89543.0	90730.0	90530.0	89384.0	90306.0	90433.0	89892.0	89950.0	90829.0	88837.0	87087.0	87429.0	87719.0	86527.0	84413.0	83543.0	82595.0	81592.0	80862.0	80180.0	78905.0	77440.0	75350.0	74913.0	72151.0	70596.0	69789.0	67541.0	65330.0	62705.0	61261.0	59074.0	56587.0	54290.0	51169.0	49398.0	48339.0	45196.0	43013.0	40472.0	37540.0	35468.0	33381.0	31534.0	29269.0	27452.0	25874.0	24251.0	22308.0	20725.0	18749.0	17076.0	15121.0	13662.0	12553.0	11653.0	10341.0	9400.0	8250.0	7548.0	6578.0	5946.0	5460.0	4769.0	4499.0	3950.0	3550.0	3115.0	2719.0	2451.0	2219.0	1986.0	1750.0	1569.0	1463.0	1209.0	1138.0	1062.0	1046.0	998.0	903.0	851.0	826.0	817.0	801.0	762.0	817.0	814.0	838.0	810.0	843.0	862.0	740.0	771.0	810.0	760.0	782.0	749.0	820.0	807.0	861.0	816.0	803.0	738.0	784.0	750.0	738.0	686.0	662.0	617.0	631.0	577.0	559.0	571.0	509.0	502.0	474.0	465.0	415.0	425.0	391.0	359.0	304.0	321.0	319.0	320.0	332.0	284.0	227.0	252.0	206.0	189.0	189.0	175.0	159.0	121.0	169.0	101.0	88.0	107.0	96.0	75.0	59.0	88.0	117.0	102.0	86.0	75.0	83.0	62.0	58.0	57.0	69.0	68.0	59.0	60.0	36.0	36.0	26.0	26.0	29.0	24.0	35.0	21.0	26.0	27.0	37.0	35.0	28.0	28.0	34.0	38.0	26.0	26.0	25.0	25.0	29.0	30.0	38.0	43.0	37.0	43.0	38.0	61.0	56.0	46.0	37.0	42.0	45.0	43.0	44.0	75.0	62.0	67.0	55.0	61.0	50.0	66.0	69.0	81.0	67.0	83.0	92.0	85.0	78.0	82.0	80.0	76.0	110.0	104.0	125.0	126.0	105.0	75.0	94.0	119.0	96.0
	0	1	2	3	4	5	6	7	8	9	10	11	12	13	14	15	16	17	18	19	20	21	22	23	24	25	26	27	28	29	30	31	32	33	34	35	36	37	38	39	40	41	42	43	44	45	46	47	48	49	50	51	52	53	54	55	56	57	58	59	60	61	62	63	64	65	66	67	68	69	70	71	72	73	74	75	76	77	78	79	80	81	82	83	84	85	86	87	88	89	90	91	92	93	94	95	96	97	98	99	100	101	102	103	104	105	106	107	108	109	110	111	114	115	116	117	118	119	120	121	122	123	124	125	126	127	128	129	130	131	132	133	134	135	136	137	138	139	140	141
SAMEA5054093	453438.0	343214.0	404139.0	425162.0	429747.0	416542.0	388552.0	348070.0	307267.0	260411.0	217380.0	177367.0	143002.0	114461.0	90175.0	70164.0	54160.0	41873.0	31845.0	23805.0	17893.0	13491.0	10059.0	7995.0	6343.0	4825.0	3788.0	3140.0	2495.0	2051.0	1641.0	1414.0	1289.0	1061.0	830.0	778.0	739.0	615.0	508.0	445.0	405.0	382.0	302.0	320.0	273.0	253.0	208.0	206.0	149.0	131.0	121.0	142.0	106.0	104.0	131.0	127.0	119.0	98.0	124.0	123.0	147.0	148.0	133.0	151.0	137.0	116.0	130.0	113.0	126.0	113.0	98.0	146.0	168.0	120.0	90.0	103.0	108.0	86.0	129.0	103.0	102.0	96.0	88.0	88.0	68.0	73.0	57.0	70.0	63.0	65.0	61.0	57.0	41.0	47.0	47.0	40.0	34.0	33.0	40.0	41.0	19.0	18.0	13.0	12.0	11.0	4.0	1.0	5.0	1.0	1.0	1.0	1.0	4.0	1.0	7.0	3.0	6.0	5.0	3.0	5.0	5.0	1.0	2.0	4.0	1.0	2.0	5.0	2.0	6.0	8.0	8.0	1.0	2.0	2.0	1.0	1.0	4.0	1.0	2.0	2.0
	0	1	2	3	4	5	6	7	8	9	10	11	12	13	14	15	16	17	18	19	20	21	22	23	24	25	26	27	28	29	30	31	32	33	34	35	36	37	38	39	40	41	42	43	44	45	46	47	48	49	50	51	52	53	54	55	56	57	58	59	60	61	62	63	64	65	66	67	68	69	70	71	72	73	74	75	76	77	78	79	80	81	82	83	84	85	86	87	88	89	90	91	92	93	94	95	96	97	98	99	100	101	102	103	104	105	106	107	108	109	110	111	112	113	114	115	116	117	118	119	120	121	122	123	124	125	126	127
SAMEA5818798	351066.0	69790.0	84011.0	104799.0	129482.0	155395.0	181996.0	207829.0	227573.0	243779.0	254260.0	260356.0	257693.0	251119.0	239228.0	224159.0	208723.0	189019.0	170942.0	151931.0	133821.0	115744.0	98989.0	84010.0	71146.0	59814.0	49945.0	41283.0	34260.0	28151.0	23326.0	19613.0	16041.0	13300.0	10778.0	8909.0	7809.0	6255.0	5449.0	4665.0	3998.0	3285.0	2910.0	2603.0	2202.0	1884.0	1679.0	1482.0	1323.0	1209.0	1053.0	913.0	749.0	692.0	563.0	574.0	555.0	491.0	393.0	333.0	285.0	255.0	236.0	197.0	167.0	179.0	189.0	113.0	113.0	87.0	107.0	96.0	66.0	92.0	99.0	100.0	82.0	89.0	72.0	76.0	73.0	77.0	59.0	60.0	55.0	44.0	37.0	59.0	66.0	78.0	60.0	50.0	64.0	50.0	45.0	56.0	53.0	45.0	25.0	29.0	32.0	34.0	29.0	44.0	30.0	34.0	44.0	35.0	38.0	32.0	49.0	41.0	32.0	29.0	22.0	16.0	18.0	21.0	27.0	28.0	9.0	16.0	22.0	9.0	13.0	5.0	5.0	7.0
	0	1	2	3	4	5	6	7	8	9	10	11	12	13	14	15	16	17	18	19	20	21	22	23	24	25	26	27	28	29	30	31	32	33	34	35	36	37	38	39	40	41	42	43	44	45	46	47	48	49	50	51	52	53	54	55	56	57	58	59	60	61	62	63	64	65	66	67	68	69	70	71	72	73	74	75	76	77	78	79	80	81	82	83	84	85	86	87	88	89	90	91	92	93	94	95	96	97	98	99	100	101	102	103	104	105	106	107	108	109	110	111	112	113	114	115	116	117	118	119	120	121	122	123	124	125	126	127	128	129	130	131	132	133	134	135	136	137	138	139	140	141	142	143	144	145	146	147	148	149	150	151	152	153	154	155	156	157	158	159	160	161	162	163	164	165	166	167	168	169	170	171
SAMEA5818799	313564.0	25752.0	23289.0	24858.0	25745.0	26860.0	29891.0	34062.0	36816.0	40670.0	43902.0	47218.0	51068.0	55631.0	60004.0	62072.0	65332.0	68525.0	70222.0	73270.0	75309.0	77588.0	80157.0	81418.0	82673.0	83440.0	83596.0	84474.0	84177.0	83660.0	83764.0	82813.0	82078.0	81879.0	79675.0	78426.0	77634.0	76387.0	75314.0	73578.0	71706.0	69711.0	69228.0	67602.0	65474.0	64140.0	63266.0	60711.0	59614.0	58042.0	56991.0	55290.0	54404.0	52583.0	50791.0	50134.0	48024.0	46834.0	45273.0	44078.0	42635.0	41495.0	39656.0	38717.0	37110.0	36439.0	35361.0	34307.0	32549.0	31332.0	30079.0	28949.0	27475.0	26043.0	24827.0	23955.0	22388.0	21825.0	20861.0	19883.0	18880.0	17848.0	16994.0	16048.0	15136.0	14063.0	13479.0	12568.0	11842.0	11336.0	10452.0	9803.0	8980.0	8401.0	7679.0	7234.0	6664.0	6138.0	5721.0	5129.0	4677.0	4309.0	3813.0	3566.0	3195.0	2914.0	2767.0	2372.0	2045.0	1845.0	1679.0	1580.0	1423.0	1218.0	1097.0	945.0	818.0	761.0	640.0	591.0	595.0	468.0	442.0	448.0	410.0	317.0	293.0	257.0	206.0	203.0	173.0	145.0	118.0	89.0	97.0	103.0	110.0	97.0	120.0	106.0	105.0	111.0	101.0	90.0	94.0	75.0	97.0	105.0	81.0	96.0	114.0	90.0	83.0	95.0	61.0	56.0	75.0	51.0	38.0	42.0	25.0	19.0	22.0	15.0	21.0	35.0	19.0	8.0	5.0	3.0	2.0	1.0
	0	1	2	3	4	5	6	7	8	9	10	11	12	13	14	15	16	17	18	19	20	21	22	23	24	25	26	27	28	29	30	31	32	33	34	35	36	37	38	39	40	41	42	43	44	45	46	47	48	49	50	51	52	53	54	55	56	57	58	59	60	61	62	63	64	65	66	67	68	69	70	71	72	73	74	75	76	77	78	79	80	81	82	83	84	85	86	87	88	89	90	91	92	93	94	95	96	97	98	99	100	101	102	103	104	105	106	107	108	109	110	111	112	113	114	115	116	117	118	119	120	121	122	123	124	125	126	127	128	129	130	131	132	133	134	135	136	137	138	139	140	141	142	143	144	145	146	147	148	149	150	151	152	153	154	155	156	157	158	159	160	161	162	163	164	165	166	167	168	169	170	171	172	173	174	175	176	177	178	179	180	181	182	183	184	185	186	187	188	189	190	191	192	193	194	195	196	197	198	199	200	201	202	203	204	205	206	207	208	209	210	211	212	213	214	215	216	217	218	219	220	221	222	223	224	225	226	227	228	229	230	231	232	233
SAMEA5818800	273234.0	11467.0	8175.0	7453.0	6807.0	6509.0	6161.0	6313.0	6098.0	6240.0	6477.0	6696.0	6402.0	6837.0	7036.0	6826.0	7038.0	7077.0	7322.0	7919.0	7990.0	8077.0	8386.0	8552.0	8814.0	9023.0	9890.0	9818.0	10577.0	10912.0	11388.0	12040.0	12431.0	12844.0	13006.0	14336.0	14830.0	15361.0	16224.0	16427.0	17139.0	18010.0	18665.0	19333.0	20052.0	20543.0	21395.0	21962.0	23188.0	24094.0	24621.0	26162.0	26978.0	28014.0	28590.0	29511.0	30213.0	31536.0	32603.0	33768.0	35638.0	37035.0	37578.0	39315.0	40404.0	41019.0	42034.0	43627.0	44993.0	45638.0	46760.0	48121.0	49344.0	50067.0	50760.0	52412.0	54055.0	54397.0	54312.0	55702.0	56812.0	57792.0	58161.0	59341.0	59500.0	60311.0	61390.0	61179.0	62396.0	62899.0	63966.0	63690.0	64241.0	64430.0	63659.0	63391.0	62828.0	63077.0	62439.0	61551.0	61161.0	60498.0	59418.0	58465.0	56815.0	56031.0	55533.0	55041.0	53173.0	52142.0	50800.0	49468.0	47662.0	46013.0	44671.0	43236.0	41267.0	39548.0	37754.0	36181.0	34363.0	32767.0	31478.0	30428.0	28745.0	27164.0	25292.0	24012.0	22315.0	20861.0	19442.0	18260.0	16651.0	15486.0	14106.0	13104.0	11835.0	10831.0	10140.0	9060.0	8342.0	7497.0	6843.0	6082.0	5577.0	4999.0	4639.0	4211.0	3713.0	3392.0	3007.0	2736.0	2592.0	2439.0	2171.0	2009.0	1873.0	1749.0	1683.0	1475.0	1501.0	1452.0	1367.0	1332.0	1211.0	1185.0	1072.0	1019.0	875.0	917.0	882.0	825.0	852.0	793.0	783.0	752.0	874.0	817.0	793.0	808.0	824.0	866.0	833.0	846.0	718.0	739.0	727.0	754.0	673.0	621.0	586.0	555.0	592.0	564.0	561.0	567.0	592.0	511.0	455.0	404.0	469.0	471.0	424.0	305.0	303.0	271.0	274.0	251.0	255.0	215.0	204.0	207.0	189.0	180.0	148.0	132.0	136.0	108.0	113.0	108.0	102.0	97.0	91.0	77.0	93.0	81.0	97.0	84.0	71.0	67.0	62.0	76.0	53.0	69.0
	0	1	2	3	4	5	6	7	8	9	10	11	12	13	14	15	16	17	18	19	20	21	22	23	24	25	26	27	28	29	30	31	32	33	34	35	36	37	38	39	40	41	42	43	44	45	46	47	48	49	50	51	52	53	54	55	56	57	58	59	60	61	62	63	64	65	66	67	68	69	70	71	72	73	74	75	76	77	78	79	80	81	82	83	84	85	86	87	88	89	90	91	92	93	94	95	96	97	98	99	100	101	102	103	104	105	106	107	108	109	110	111	112	113	114	115	116	117	118	119	120	121	122	123	124	125	126	127
SAMEA5818801	334635.0	43301.0	43507.0	48379.0	53200.0	62857.0	71597.0	80618.0	93132.0	106496.0	120813.0	134125.0	148826.0	161018.0	171291.0	181095.0	189605.0	192605.0	196119.0	196002.0	194423.0	189403.0	182315.0	173645.0	161951.0	149792.0	137822.0	126234.0	115011.0	102169.0	89354.0	79039.0	68559.0	59456.0	51681.0	44558.0	37544.0	31954.0	27214.0	22979.0	19192.0	16700.0	14113.0	12075.0	10574.0	9166.0	7955.0	6874.0	5920.0	5323.0	4691.0	4297.0	3833.0	3417.0	3043.0	2634.0	2449.0	2156.0	2041.0	1758.0	1651.0	1440.0	1326.0	1202.0	1130.0	1017.0	893.0	778.0	785.0	667.0	571.0	503.0	453.0	377.0	342.0	314.0	264.0	227.0	182.0	203.0	189.0	163.0	148.0	182.0	148.0	138.0	121.0	107.0	88.0	75.0	54.0	47.0	59.0	57.0	64.0	67.0	71.0	59.0	61.0	57.0	59.0	58.0	64.0	48.0	49.0	34.0	46.0	56.0	44.0	57.0	51.0	48.0	42.0	52.0	47.0	42.0	31.0	35.0	44.0	36.0	26.0	13.0	11.0	6.0	19.0	15.0	6.0	1.0
	0	1	2	3	4	5	6	7	8	9	10	11	12	13	14	15	16	17	18	19	20	21	22	23	24	25	26	27	28	29	30	31	32	33	34	35	36	37	38	39	40	41	42	43	44	45	46	47	48	49	50	51	52	53	54	55	56	57	58	59	60	61	62	63	64	65	66	67	68	69	70	71	72	73	74	75	76	77	78	79	80	81	82	83	84	85	86	87	88	89	90	91	92	93	94	95	96	97	98	99	100	101	102	103	104	105	106	107	108	109	110	111	112	113	114	115	116	117	118	119	120	121	122	123	124	125	126
SAMEA5818803	275736.0	26314.0	26714.0	32320.0	37608.0	43911.0	51604.0	60482.0	70331.0	79187.0	89456.0	98999.0	109824.0	119761.0	127332.0	137121.0	144189.0	150536.0	155515.0	160053.0	162944.0	165606.0	164275.0	162752.0	159785.0	156121.0	151686.0	146661.0	140520.0	133238.0	126194.0	118065.0	109035.0	100374.0	92939.0	85205.0	77170.0	70048.0	63125.0	56106.0	50154.0	44254.0	38975.0	33971.0	29860.0	26125.0	22651.0	19670.0	16921.0	14335.0	12192.0	10306.0	8771.0	7629.0	6423.0	5742.0	4888.0	4180.0	3750.0	3202.0	2928.0	2535.0	2192.0	1822.0	1656.0	1501.0	1272.0	1060.0	1003.0	913.0	929.0	866.0	770.0	649.0	576.0	543.0	477.0	440.0	381.0	365.0	284.0	272.0	274.0	205.0	209.0	198.0	151.0	110.0	123.0	97.0	90.0	111.0	89.0	89.0	77.0	93.0	116.0	95.0	121.0	108.0	101.0	82.0	79.0	78.0	103.0	80.0	92.0	87.0	87.0	62.0	66.0	60.0	36.0	37.0	37.0	35.0	14.0	15.0	13.0	20.0	13.0	5.0	11.0	2.0	2.0	4.0	3.0
	0	1	2	3	4	5	6	7	8	9	10	11	12	13	14	15	16	17	18	19	20	21	22	23	24	25	26	27	28	29	30	31	32	33	34	35	36	37	38	39	40	41	42	43	44	45	46	47	48	49	50	51	52	53	54	55	56	57	58	59	60	61	62	63	64	65	66	67	68	69	70	71	72	73	74	75	76	77	78	79	80	81	82	83	84	85	86	87	88	89	90	91	92	93	94	95	96	97	98	99	100	101	102	103	104	105	106	107	109	110
SAMEA5818805	287372.0	41456.0	53917.0	73492.0	99542.0	128292.0	158462.0	190657.0	220340.0	244100.0	262000.0	274058.0	277692.0	271854.0	263084.0	249418.0	230364.0	210257.0	190107.0	168734.0	148142.0	126620.0	109229.0	92587.0	77278.0	65372.0	53008.0	44161.0	36066.0	28961.0	23786.0	19666.0	16404.0	13815.0	11354.0	8953.0	7446.0	6467.0	5692.0	5015.0	4202.0	3640.0	3040.0	2655.0	2291.0	1969.0	1783.0	1616.0	1396.0	1261.0	1108.0	878.0	847.0	690.0	612.0	559.0	501.0	369.0	307.0	278.0	274.0	219.0	151.0	153.0	164.0	123.0	112.0	103.0	89.0	96.0	108.0	100.0	117.0	119.0	107.0	111.0	98.0	103.0	85.0	107.0	107.0	103.0	127.0	102.0	105.0	108.0	102.0	122.0	121.0	93.0	93.0	85.0	90.0	88.0	89.0	79.0	63.0	66.0	67.0	68.0	42.0	31.0	45.0	23.0	26.0	25.0	16.0	5.0	1.0	2.0
	0	1	2	3	4	5	6	7	8	9	10	11	12	13	14	15	16	17	18	19	20	21	22	23	24	25	26	27	28	29	30	31	32	33	34	35	36	37	38	39	40	41	42	43	44	45	46	47	48	49	50	51	52	53	54	55	56	57	58	59	60	61	62	63	64	65	66	67	68	69	70	71	72	73	74	75	76	77	78	79	80	81	82	83	84	85	86	87	88	89	90	91	92	93	94	95	96	97	98	99	100	101	102	103	104	105	106	107	108	109	110	111	112	113	114	115	116	117	118	119	120	121	122	123	124	125	126	127	128	129	130	131	132	133	134	135	136
SAMEA5818806	268294.0	26819.0	27772.0	29423.0	34086.0	38593.0	43888.0	49060.0	53676.0	60094.0	64777.0	70439.0	76956.0	81641.0	88146.0	93970.0	98295.0	103098.0	106628.0	111539.0	115597.0	118569.0	119882.0	121416.0	123348.0	122774.0	123166.0	122347.0	121305.0	119626.0	118733.0	117029.0	114528.0	111472.0	108264.0	104172.0	100567.0	95770.0	91186.0	87047.0	81860.0	77526.0	73235.0	69096.0	64233.0	60519.0	55681.0	51368.0	48053.0	44046.0	40936.0	37376.0	34035.0	31169.0	28178.0	25890.0	23261.0	21178.0	18509.0	16890.0	15422.0	13432.0	11976.0	10800.0	9570.0	8391.0	7362.0	6557.0	5805.0	5095.0	4501.0	4103.0	3530.0	3149.0	2936.0	2672.0	2369.0	2117.0	1852.0	1802.0	1577.0	1398.0	1316.0	1184.0	1074.0	995.0	932.0	805.0	693.0	643.0	598.0	581.0	523.0	498.0	463.0	419.0	408.0	413.0	378.0	379.0	361.0	315.0	307.0	292.0	291.0	276.0	260.0	219.0	221.0	188.0	183.0	132.0	131.0	112.0	126.0	88.0	101.0	80.0	52.0	49.0	36.0	47.0	26.0	30.0	15.0	29.0	26.0	29.0	15.0	10.0	9.0	9.0	19.0	12.0	7.0	2.0	1.0
	0	1	2	3	4	5	6	7	8	9	10	11	12	13	14	15	16	17	18	19	20	21	22	23	24	25	26	27	28	29	30	31	32	33	34	35	36	37	38	39	40	41	42	43	44	45	46	47	48	49	50	51	52	53	54	55	56	57	58	59	60	61	62	63	64	65	66	67	68	69	70	71	72	73	74	75	76	77	78	79	80	81	82	83	84	85	86	87	88	89	90	91	92	93	94	95	96	97	98	99	100	101	102	103	104	105	106	107	108	109	110	111	112	113	114	115	116
SAMEA5818808	465586.0	230680.0	281407.0	333055.0	369032.0	394074.0	401698.0	384495.0	355095.0	313912.0	273637.0	228008.0	184095.0	146383.0	113542.0	86209.0	64814.0	47976.0	34981.0	26492.0	19447.0	15024.0	10975.0	8473.0	6730.0	5624.0	4240.0	3603.0	2947.0	2453.0	2072.0	1766.0	1621.0	1384.0	1134.0	948.0	798.0	630.0	550.0	421.0	311.0	255.0	226.0	126.0	107.0	113.0	119.0	107.0	115.0	93.0	89.0	92.0	83.0	74.0	72.0	72.0	78.0	63.0	75.0	60.0	61.0	63.0	53.0	67.0	66.0	76.0	70.0	59.0	58.0	55.0	41.0	47.0	35.0	32.0	33.0	40.0	41.0	44.0	32.0	45.0	34.0	25.0	40.0	38.0	22.0	28.0	22.0	19.0	13.0	17.0	26.0	11.0	7.0	9.0	8.0	15.0	14.0	10.0	8.0	7.0	9.0	5.0	7.0	9.0	3.0	5.0	4.0	5.0	7.0	7.0	14.0	11.0	10.0	5.0	11.0	6.0	5.0
	0	1	2	3	4	5	6	7	8	9	10	11	12	13	14	15	16	17	18	19	20	21	22	23	24	25	26	27	28	29	30	31	32	33	34	35	36	37	38	39	40	41	42	43	44	45	46	47	48	49	50	51	52	53	54	55	56	57	58	59	60	61	62	63	64	65	66	67	68	69	70	71	72	73	74	75	76	77	78	79	80	81	82	83	84	85	86	87	88	89	90	91	92	93	94	95	96	97	98	99	100	101	102	103	104	105	106	107	108	109	110	111	112	113	114	115	116	117	118	119	120	121	122	123	124	125	126	127	128	129	130	131	132	133	134	135	136	137	138	139	140	141	142	143	144
SAMEA5818809	320000.0	60855.0	56579.0	55277.0	55864.0	58087.0	60779.0	64083.0	67385.0	70712.0	75397.0	78063.0	83201.0	86736.0	91057.0	94945.0	98324.0	101918.0	104632.0	108521.0	110283.0	112750.0	114421.0	115540.0	115827.0	116475.0	117075.0	116537.0	114325.0	111953.0	109695.0	106804.0	104944.0	101212.0	97827.0	94743.0	91175.0	87337.0	82781.0	79198.0	75089.0	71302.0	67240.0	63065.0	59006.0	54796.0	50398.0	46808.0	43761.0	39797.0	36714.0	33421.0	30101.0	27605.0	25131.0	22672.0	20518.0	18692.0	16323.0	14606.0	13016.0	11808.0	10746.0	9432.0	8197.0	7618.0	6949.0	5955.0	5301.0	4567.0	3908.0	3286.0	2954.0	2465.0	2267.0	1948.0	1748.0	1455.0	1379.0	1228.0	1029.0	922.0	869.0	832.0	717.0	654.0	586.0	470.0	499.0	486.0	439.0	418.0	403.0	355.0	306.0	334.0	268.0	216.0	230.0	211.0	233.0	181.0	194.0	161.0	165.0	142.0	117.0	97.0	93.0	87.0	88.0	84.0	84.0	102.0	92.0	62.0	63.0	60.0	67.0	50.0	53.0	62.0	70.0	53.0	53.0	46.0	41.0	62.0	72.0	40.0	51.0	40.0	37.0	25.0	22.0	15.0	13.0	7.0	14.0	5.0	9.0	4.0	4.0	1.0	1.0
	0	1	2	3	4	5	6	7	8	9	10	11	12	13	14	15	16	17	18	19	20	21	22	23	24	25	26	27	28	29	30	31	32	33	34	35	36	37	38	39	40	41	42	43	44	45	46	47	48	49	50	51	52	53	54	55	56	57	58	59	60	61	62	63	64	65	66	67	68	69	70	71	72	73	74	75	76	77	78	79	80	81	82	83	84	85	86	87	88	89	90	91	92	93	94	95	96	97	98	99	100	101
SAMEA5818811	427698.0	202171.0	247081.0	294063.0	339580.0	368481.0	372594.0	368013.0	347396.0	318286.0	283138.0	244648.0	205126.0	169605.0	137434.0	111338.0	87810.0	68789.0	53007.0	40705.0	31436.0	23700.0	17717.0	13680.0	10747.0	8145.0	6296.0	5008.0	3831.0	2966.0	2449.0	1949.0	1666.0	1589.0	1283.0	1234.0	899.0	832.0	737.0	655.0	566.0	516.0	469.0	410.0	329.0	309.0	298.0	284.0	256.0	187.0	192.0	153.0	147.0	160.0	158.0	132.0	106.0	78.0	63.0	75.0	61.0	64.0	59.0	66.0	62.0	72.0	70.0	58.0	65.0	52.0	55.0	50.0	54.0	39.0	31.0	25.0	35.0	33.0	29.0	28.0	26.0	22.0	20.0	17.0	15.0	14.0	7.0	5.0	6.0	8.0	1.0	8.0	6.0	6.0	1.0	1.0	4.0	3.0	1.0	3.0	2.0	1.0
	0	1	2	3	4	5	6	7	8	9	10	11	12	13	14	15	16	17	18	19	20	21	22	23	24	25	26	27	28	29	30	31	32	33	34	35	36	37	38	39	40	41	42	43	44	45	46	47	48	49	50	51	52	53	54	55	56	57	58	59	60	61	62	63	64	65	66	67	68	69	70	71	72	73	74	75	76	77	78	79	80	81	82	83	84	85	86	87	88	89	90	91	92	93	94	95	96	97	98	99	100	101
SAMEA5818815	255208.0	24639.0	27746.0	39339.0	57641.0	86544.0	127349.0	176585.0	231292.0	285145.0	332356.0	369863.0	389499.0	389656.0	373032.0	337539.0	296049.0	250105.0	201509.0	154485.0	116701.0	86832.0	62364.0	44002.0	30347.0	20729.0	14695.0	9991.0	7187.0	5366.0	4133.0	3244.0	2627.0	1908.0	1650.0	1395.0	1166.0	947.0	849.0	661.0	516.0	426.0	413.0	334.0	228.0	221.0	175.0	148.0	122.0	96.0	98.0	89.0	98.0	81.0	87.0	94.0	87.0	131.0	117.0	121.0	110.0	130.0	125.0	125.0	156.0	151.0	141.0	147.0	118.0	178.0	138.0	135.0	142.0	127.0	129.0	127.0	124.0	110.0	142.0	151.0	134.0	130.0	91.0	115.0	95.0	77.0	74.0	78.0	48.0	58.0	35.0	26.0	36.0	23.0	20.0	12.0	15.0	12.0	5.0	4.0	3.0	1.0
	0	1	2	3	4	5	6	7	8	9	10	11	12	13	14	15	16	17	18	19	20	21	22	23	24	25	26	27	28	29	30	31	32	33	34	35	36	37	38	39	40	41	42	43	44	45	46	47	48	49	50	51	52	53	54	55	56	57	58	59	60	61	62	63	64	65	66	67	68	69	70	71	72	73	74	75	76	77	78	79	80	81	82	83	84	85	86	87	88	89	90	91	92	93	94	95	96	97	98	99	100	101	102	103	104	105	106	107	108	109	110	111	112	114	115
SAMEA5818817	300048.0	73060.0	108696.0	150164.0	190183.0	227228.0	258791.0	280537.0	293936.0	295981.0	292312.0	278015.0	261796.0	243486.0	218866.0	196390.0	174900.0	152111.0	132020.0	113464.0	96077.0	81771.0	68220.0	55869.0	46387.0	38310.0	30880.0	25181.0	20676.0	16392.0	13474.0	11119.0	9139.0	7651.0	6771.0	5726.0	4715.0	4226.0	3817.0	3365.0	2935.0	2582.0	2417.0	2242.0	2007.0	1882.0	1749.0	1649.0	1525.0	1377.0	1332.0	1211.0	1180.0	1069.0	1027.0	1000.0	853.0	849.0	776.0	714.0	682.0	673.0	592.0	568.0	503.0	465.0	435.0	362.0	334.0	286.0	249.0	226.0	254.0	182.0	189.0	154.0	144.0	123.0	98.0	97.0	101.0	71.0	68.0	81.0	65.0	71.0	65.0	56.0	47.0	50.0	39.0	38.0	48.0	51.0	33.0	35.0	19.0	32.0	27.0	16.0	17.0	11.0	14.0	12.0	8.0	5.0	3.0	5.0	4.0	3.0	4.0	2.0	8.0	2.0	2.0
	0	1	2	3	4	5	6	7	8	9	10	11	12	13	14	15	16	17	18	19	20	21	22	23	24	25	26	27	28	29	30	31	32	33	34	35	36	37	38	39	40	41	42	43	44	45	46	47	48	49	50	51	52	53	54	55	56	57	58	59	60	61	62	63	64	65	66	67	68	69	70	71	72	73	74	75	76	77	78	79	80	81	82	83	84	85	86	87	88	89	90	91	92	93	94	95	96	97	98	99	100	101	102	103	104	105	106	107	108	109	110	111	112	113	114	115	116	117	118	119	120	121	122	123	124	125
SAMEA5818818	346491.0	92806.0	105377.0	120289.0	143992.0	167190.0	190936.0	210466.0	226044.0	240746.0	248357.0	249319.0	247611.0	240957.0	230097.0	214846.0	199421.0	182477.0	164418.0	145937.0	129210.0	111918.0	97839.0	83538.0	71946.0	60711.0	50365.0	42267.0	35230.0	29471.0	24122.0	20500.0	16986.0	13781.0	11568.0	9717.0	7992.0	6537.0	5523.0	4527.0	3937.0	3505.0	2945.0	2338.0	1988.0	1665.0	1334.0	1133.0	918.0	956.0	774.0	701.0	663.0	527.0	457.0	354.0	290.0	264.0	235.0	203.0	174.0	157.0	174.0	143.0	112.0	102.0	99.0	79.0	110.0	80.0	78.0	69.0	73.0	73.0	47.0	49.0	72.0	78.0	73.0	85.0	59.0	60.0	73.0	65.0	60.0	64.0	54.0	60.0	35.0	44.0	34.0	35.0	42.0	38.0	30.0	25.0	33.0	34.0	25.0	30.0	34.0	23.0	32.0	20.0	16.0	23.0	18.0	15.0	23.0	16.0	14.0	7.0	5.0	8.0	4.0	2.0	4.0	5.0	4.0	8.0	5.0	5.0	8.0	6.0	8.0	3.0
	0	1	2	3	4	5	6	7	8	9	10	11	12	13	14	15	16	17	18	19	20	21	22	23	24	25	26	27	28	29	30	31	32	33	34	35	36	37	38	39	40	41	42	43	44	45	46	47	48	49	50	51	52	53	54	55	56	57	58	59	60	61	62	63	64	65	66	67	68	69	70	71	72	73	74	75	76	77	78	79	80	81	82	83	84	85	86	87	88	89	90	91	92	93	94	95	96	97	98	99	100	101	102	103	104	105	106	107	108	109	110	111	112	113	114	115	116	117	118	119	120	121	122	123	124	125	126	127	128	129	130	131	132	133	134	135	136	137	138	139	140	141	142	143
SAMEA5818821	336578.0	72307.0	73809.0	76701.0	80927.0	89289.0	98978.0	109270.0	119579.0	130512.0	136707.0	144361.0	153748.0	160105.0	165312.0	169090.0	170829.0	169453.0	168279.0	165360.0	159524.0	155548.0	148617.0	141583.0	133343.0	124755.0	116860.0	108232.0	98922.0	91004.0	81761.0	75560.0	68310.0	61483.0	55486.0	49536.0	43896.0	38600.0	33887.0	30047.0	26950.0	23307.0	20539.0	18352.0	15927.0	14126.0	12139.0	10565.0	9226.0	8005.0	7166.0	6129.0	5260.0	4569.0	4053.0	3587.0	3107.0	2753.0	2404.0	2109.0	1905.0	1665.0	1518.0	1375.0	1284.0	1194.0	1121.0	951.0	811.0	790.0	682.0	584.0	535.0	439.0	497.0	397.0	341.0	369.0	300.0	292.0	270.0	223.0	194.0	192.0	157.0	179.0	130.0	128.0	142.0	160.0	110.0	106.0	88.0	88.0	86.0	87.0	65.0	61.0	44.0	54.0	59.0	57.0	53.0	49.0	47.0	58.0	66.0	58.0	72.0	74.0	47.0	44.0	39.0	35.0	48.0	52.0	56.0	57.0	74.0	88.0	59.0	59.0	70.0	58.0	66.0	61.0	41.0	43.0	31.0	29.0	12.0	14.0	15.0	22.0	17.0	25.0	10.0	8.0	9.0	8.0	12.0	7.0	5.0	6.0
	0	1	2	3	4	5	6	7	8	9	10	11	12	13	14	15	16	17	18	19	20	21	22	23	24	25	26	27	28	29	30	31	32	33	34	35	36	37	38	39	40	41	42	43	44	45	46	47	48	49	50	51	52	53	54	55	56	57	58	59	60	61	62	63	64	65	66	67	68	69	70	71	72	73	74	75	76	77	78	79	80	81	82	83	84	85	86	87	88	89	90	91	92	93	94	95	96	97	98	99	100	101	102	103	104	105	106	107	108	109	110	111	112	113	114	115	116	117	118	119	120	121	122	123	124	125
SAMEA5818822	420497.0	147191.0	150789.0	164306.0	182075.0	195678.0	207623.0	217486.0	223010.0	227241.0	228446.0	223054.0	212923.0	202555.0	191349.0	179377.0	165520.0	151881.0	136699.0	126119.0	111781.0	100346.0	88144.0	78006.0	68155.0	58222.0	50814.0	44122.0	37766.0	32856.0	28473.0	24787.0	20712.0	18051.0	15395.0	12891.0	10996.0	9296.0	8076.0	7127.0	6181.0	5295.0	4709.0	4041.0	3392.0	2985.0	2647.0	2220.0	1928.0	1714.0	1540.0	1350.0	1220.0	1030.0	963.0	744.0	687.0	680.0	582.0	541.0	469.0	481.0	390.0	327.0	311.0	323.0	264.0	217.0	210.0	218.0	215.0	215.0	166.0	151.0	150.0	140.0	135.0	92.0	101.0	102.0	89.0	70.0	60.0	48.0	40.0	24.0	29.0	31.0	22.0	22.0	20.0	32.0	16.0	25.0	33.0	39.0	20.0	18.0	30.0	19.0	18.0	11.0	15.0	15.0	12.0	14.0	6.0	4.0	7.0	5.0	10.0	2.0	3.0	2.0	2.0	3.0	6.0	5.0	6.0	14.0	10.0	13.0	14.0	7.0	2.0	1.0
	0	1	2	3	4	5	6	7	8	9	10	11	12	13	14	15	16	17	18	19	20	21	22	23	24	25	26	27	28	29	30	31	32	33	34	35	36	37	38	39	40	41	42	43	44	45	46	47	48	49	50	51	52	53	54	55	56	57	58	59	60	61	62	63	64	65	66	67	68	69	70	71	72	73	74	75	76	77	78	79	80	81	82	83	84	85	86	87	88	89	90	91	92	93	94	95	96	97	98	99	100	101	102	103	104	105	106	107	108	109	110	111	112	113
SAMEA5818825	416408.0	163960.0	194382.0	230576.0	265520.0	290820.0	307338.0	315196.0	306662.0	295670.0	274318.0	253373.0	229258.0	200961.0	175438.0	150230.0	127543.0	107315.0	88665.0	75922.0	61559.0	50807.0	41518.0	33835.0	27515.0	22291.0	18172.0	14625.0	11769.0	9746.0	8261.0	6788.0	5569.0	5156.0	4192.0	3661.0	3126.0	2898.0	2515.0	2194.0	2012.0	1840.0	1717.0	1462.0	1509.0	1274.0	1116.0	1198.0	991.0	905.0	811.0	684.0	649.0	573.0	521.0	517.0	483.0	497.0	414.0	415.0	415.0	337.0	377.0	342.0	327.0	280.0	249.0	242.0	201.0	175.0	179.0	128.0	132.0	89.0	105.0	64.0	79.0	75.0	64.0	52.0	58.0	40.0	55.0	42.0	40.0	31.0	29.0	40.0	36.0	27.0	29.0	22.0	19.0	17.0	13.0	12.0	10.0	9.0	8.0	10.0	5.0	5.0	5.0	8.0	5.0	5.0	4.0	3.0	3.0	1.0	4.0	1.0	4.0	3.0
	0	1	2	3	4	5	6	7	8	9	10	11	12	13	14	15	16	17	18	19	20	21	22	23	24	25	26	27	28	29	30	31	32	33	34	35	36	37	38	39	40	41	42	43	44	45	46	47	48	49	50	51	52	53	54	55	56	57	58	59	60	61	62	63	64	65	66	67	68	69	70	71	72	73	74	75	76	77	78	79	80	81	82	83	84	85	86	87	88	89	90	91	92	93	94	95	96	97	98	99	100	101	102	103	104	105	106	107	108	109	110	111	112	113	114	115	116	117	118	119	120	121	122	123	124	125	126	127	128	129	130	131	132	133	134	135	136	137	138	139	140	141	142	143	144	145	146	147	148
SAMEA5818826	269709.0	20507.0	17138.0	15967.0	15249.0	14370.0	14839.0	14169.0	14974.0	14976.0	15430.0	16237.0	16679.0	16661.0	17416.0	17878.0	18784.0	19324.0	20016.0	20571.0	21588.0	22631.0	22592.0	23861.0	24636.0	25387.0	26614.0	28238.0	29312.0	30307.0	31068.0	32360.0	33791.0	34866.0	36547.0	37636.0	39981.0	41202.0	42733.0	44175.0	45382.0	47260.0	48593.0	50573.0	51630.0	53877.0	55469.0	57610.0	59967.0	60885.0	61748.0	63131.0	65247.0	66604.0	67832.0	68798.0	69750.0	71276.0	71587.0	73066.0	74528.0	75065.0	75631.0	75792.0	76975.0	77098.0	77065.0	76532.0	76595.0	76078.0	75152.0	74108.0	73511.0	71740.0	70308.0	69662.0	68306.0	65860.0	64522.0	62912.0	60286.0	58649.0	56796.0	54432.0	52053.0	49631.0	47016.0	43861.0	41922.0	39772.0	37787.0	36091.0	33441.0	30683.0	28517.0	26294.0	23732.0	22412.0	20755.0	18396.0	17160.0	15235.0	13695.0	12164.0	11121.0	9669.0	8811.0	7911.0	7153.0	6237.0	5748.0	4980.0	4330.0	3912.0	3435.0	3046.0	2773.0	2462.0	2157.0	1875.0	1757.0	1632.0	1325.0	1282.0	1145.0	1023.0	922.0	812.0	758.0	676.0	621.0	557.0	518.0	432.0	421.0	320.0	276.0	214.0	162.0	130.0	111.0	81.0	46.0	40.0	21.0	9.0	13.0	4.0	3.0
	0	1	2	3	4	5	6	7	8	9	10	11	12	13	14	15	16	17	18	19	20	21	22	23	24	25	26	27	28	29	30	31	32	33	34	35	36	37	38	39	40	41	42	43	44	45	46	47	48	49	50	51	52	53	54	55	56	57	58	59	60	61	62	63	64	65	66	67	68	69	70	71	72	73	74	75	76	77	78	79	80	81	82	83	84	85	86	87	88	89	90	91	92	93	94	95	96	97	98	99	100	101	102	103	104	105	106	107	108	109	110	111	112	113	114	115	116	117	118	119	120	121	122	123	124	125	126	127	128	129	130	131	132	134	135
SAMEA5818828	333500.0	70290.0	67547.0	69937.0	75825.0	83411.0	91207.0	100612.0	108082.0	116616.0	124134.0	133005.0	140055.0	145483.0	151727.0	154473.0	156164.0	158414.0	158776.0	157876.0	156807.0	152702.0	148965.0	143092.0	138541.0	131469.0	124190.0	116758.0	107910.0	99663.0	92165.0	84850.0	78181.0	72000.0	65694.0	58413.0	53131.0	48105.0	42915.0	38063.0	33696.0	29285.0	26335.0	23343.0	20157.0	17611.0	15399.0	13602.0	12375.0	10741.0	9225.0	7844.0	6776.0	5828.0	5055.0	4377.0	4007.0	3566.0	3165.0	2698.0	2512.0	2176.0	1928.0	1612.0	1476.0	1281.0	1162.0	1015.0	923.0	818.0	843.0	724.0	626.0	582.0	517.0	493.0	464.0	413.0	335.0	335.0	305.0	285.0	270.0	247.0	213.0	170.0	186.0	163.0	140.0	120.0	108.0	97.0	103.0	87.0	86.0	80.0	69.0	70.0	78.0	53.0	62.0	60.0	67.0	67.0	51.0	50.0	40.0	49.0	48.0	40.0	33.0	29.0	31.0	26.0	22.0	16.0	16.0	10.0	11.0	8.0	16.0	21.0	23.0	8.0	9.0	10.0	5.0	5.0	1.0	6.0	6.0	4.0	3.0	1.0	3.0
	0	1	2	3	4	5	6	7	8	9	10	11	12	13	14	15	16	17	18	19	20	21	22	23	24	25	26	27	28	29	30	31	32	33	34	35	36	37	38	39	40	41	42	43	44	45	46	47	48	49	50	51	52	53	54	55	56	57	58	59	60	61	62	63	64	65	66	67	68	69	70	71	72	73	74	75	76	77	78	79	80	81	82	83	84	85	86	87	88	89	90	91	92	93	94	95	96	97	98	99	100	101	102	103	104	105	106	107	108	109	110	111	112	113	114	115	116	117	118	119	120	121	122	123	124	125	126	127	128	129	130	131	132	133	134	135	136	137	138	139	140	141	142	143	144	145	146	147	148	149
SAMEA5818829	301804.0	45559.0	40253.0	39245.0	41541.0	42460.0	45651.0	49920.0	52833.0	56600.0	61722.0	66227.0	69946.0	75049.0	78807.0	83281.0	85758.0	89394.0	94361.0	97408.0	100560.0	104021.0	105779.0	108218.0	110185.0	111649.0	111233.0	111494.0	112087.0	110424.0	109452.0	107590.0	106086.0	103763.0	100464.0	97110.0	94653.0	92689.0	88757.0	85524.0	81993.0	78902.0	75405.0	71664.0	68451.0	64326.0	60990.0	57593.0	53621.0	50507.0	47616.0	44554.0	41216.0	38199.0	35997.0	32879.0	30462.0	28036.0	25907.0	23477.0	21358.0	19219.0	17133.0	15757.0	14420.0	13172.0	12099.0	11355.0	9990.0	9059.0	7998.0	7310.0	6640.0	5938.0	5375.0	4878.0	4368.0	4004.0	3588.0	3357.0	2922.0	2671.0	2358.0	2113.0	1794.0	1659.0	1445.0	1335.0	1220.0	1138.0	1073.0	946.0	857.0	814.0	841.0	736.0	684.0	659.0	553.0	449.0	458.0	384.0	329.0	309.0	339.0	287.0	286.0	278.0	278.0	218.0	195.0	184.0	150.0	147.0	90.0	72.0	78.0	70.0	61.0	71.0	73.0	95.0	89.0	71.0	73.0	63.0	51.0	49.0	49.0	55.0	49.0	36.0	20.0	22.0	21.0	16.0	18.0	11.0	9.0	10.0	10.0	12.0	5.0	2.0	5.0	9.0	6.0	3.0	1.0	1.0
	0	1	2	3	4	5	6	7	8	9	10	11	12	13	14	15	16	17	18	19	20	21	22	23	24	25	26	27	28	29	30	31	32	33	34	35	36	37	38	39	40	41	42	43	44	45	46	47	48	49	50	51	52	53	54	55	56	57	58	59	60	61	62	63	64	65	66	67	68	69	70	71	72	73	74	75	76	77	78	79	80	81	82	83	84	85	86	87	88	89	90	91	92	93	94	95	96	97	98	99	100	101	102	103	104	105	106	107	108	109	110	111	112	113	114	115	116	117	118	119	120	121	122	123	124	125	126	127	128	129	130	131	132	133	134	135	136	137	138	139
SAMEA5818830	316842.0	55270.0	55415.0	57605.0	61971.0	68433.0	74865.0	82568.0	89161.0	97752.0	105214.0	113249.0	119844.0	126025.0	130820.0	135869.0	138628.0	139802.0	142407.0	143382.0	143656.0	142117.0	140612.0	136759.0	133273.0	128846.0	123015.0	117285.0	111571.0	107387.0	101151.0	96892.0	91221.0	85234.0	79568.0	74054.0	68640.0	63284.0	58393.0	53100.0	48313.0	44457.0	41091.0	37593.0	33947.0	30685.0	27514.0	24682.0	22460.0	20468.0	18630.0	16894.0	15473.0	13818.0	12472.0	11141.0	10014.0	8914.0	8189.0	7344.0	6539.0	5854.0	5241.0	4598.0	3938.0	3705.0	3222.0	2979.0	2603.0	2350.0	2182.0	1992.0	1721.0	1541.0	1328.0	1249.0	1142.0	1050.0	958.0	848.0	803.0	691.0	603.0	546.0	526.0	525.0	444.0	365.0	367.0	313.0	266.0	274.0	279.0	253.0	198.0	198.0	191.0	174.0	123.0	134.0	121.0	114.0	102.0	111.0	103.0	102.0	91.0	73.0	93.0	101.0	106.0	90.0	72.0	67.0	55.0	59.0	58.0	49.0	41.0	60.0	60.0	45.0	46.0	49.0	40.0	46.0	47.0	48.0	33.0	37.0	21.0	19.0	18.0	12.0	15.0	16.0	14.0	9.0	14.0	6.0
	0	1	2	3	4	5	6	7	8	9	10	11	12	13	14	15	16	17	18	19	20	21	22	23	24	25	26	27	28	29	30	31	32	33	34	35	36	37	38	39	40	41	42	43	44	45	46	47	48	49	50	51	52	53	54	55	56	57	58	59	60	61	62	63	64	65	66	67	68	69	70	71	72	73	74	75	76	77	78	79	80	81	82	83	84	85	86	87	88	89	90	91	92	93	94	95	96	97	98	99	100	101	102	103	104	105	106	107	108	109	110	111	112	113	114	115	116	117	118	119	120	121	122	123	124	125	126	127	128	129	130	131	132	133	134	135	136	137	138	139	140	141	142	143	144	145	146	147	148	149	150	151	152	153	154	155	156	157	158	159	160	161	162	163	164	165	166	167	168	169	170	171	172	173	174	175	176	177	178	179	180	181	182	183	184	185	186	187	188	189	190	191	192	193	194	195	196	197	198	199	200	201	202	203	204	205	206	207	208	209	210	211	212	213	214	215	216	217	218	219	220	221	222	223	224	225
SAMEA6637002	234492.0	14382.0	12187.0	10697.0	10617.0	10664.0	10922.0	11485.0	11927.0	12420.0	12980.0	14170.0	15217.0	15582.0	16265.0	17785.0	18952.0	20356.0	20984.0	23081.0	24037.0	25494.0	27540.0	29189.0	31257.0	33559.0	35377.0	37894.0	40277.0	42667.0	44998.0	48958.0	51523.0	54444.0	57104.0	59704.0	62334.0	65177.0	67421.0	70877.0	73915.0	77032.0	78539.0	81369.0	83963.0	85392.0	87177.0	89157.0	90747.0	91790.0	92559.0	93175.0	92475.0	93830.0	93671.0	93564.0	92721.0	92633.0	91157.0	89478.0	87902.0	85502.0	83321.0	81387.0	78768.0	76313.0	73402.0	70434.0	67869.0	65341.0	61834.0	58059.0	55262.0	52657.0	49078.0	46287.0	43171.0	40414.0	37686.0	35437.0	33096.0	30448.0	27925.0	25652.0	23203.0	21451.0	19350.0	17728.0	16210.0	14659.0	13537.0	12114.0	10958.0	9767.0	8684.0	8162.0	7097.0	6433.0	5840.0	5433.0	4894.0	4446.0	4073.0	3733.0	3226.0	2960.0	2732.0	2530.0	2289.0	2189.0	2101.0	1837.0	1807.0	1714.0	1559.0	1389.0	1360.0	1293.0	1215.0	1239.0	1143.0	1080.0	1015.0	1017.0	990.0	1014.0	908.0	975.0	882.0	840.0	864.0	778.0	786.0	686.0	678.0	575.0	508.0	547.0	533.0	465.0	510.0	440.0	425.0	348.0	312.0	233.0	215.0	195.0	197.0	154.0	176.0	154.0	139.0	93.0	93.0	87.0	76.0	91.0	71.0	89.0	81.0	75.0	54.0	45.0	41.0	47.0	39.0	45.0	34.0	40.0	47.0	34.0	66.0	61.0	71.0	78.0	56.0	75.0	63.0	78.0	96.0	94.0	77.0	69.0	77.0	74.0	67.0	88.0	84.0	92.0	74.0	67.0	94.0	85.0	69.0	66.0	89.0	80.0	73.0	79.0	89.0	87.0	75.0	89.0	84.0	70.0	59.0	33.0	45.0	48.0	39.0	35.0	50.0	41.0	28.0	17.0	15.0	16.0	15.0	6.0	4.0	1.0	1.0	3.0	1.0	1.0
	0	1	2	3	4	5	6	7	8	9	10	11	12	13	14	15	16	17	18	19	20	21	22	23	24	25	26	27	28	29	30	31	32	33	34	35	36	37	38	39	40	41	42	43	44	45	46	47	48	49	50	51	52	53	54	55	56	57	58	59	60	61	62	63	64	65	66	67	68	69	70	71	72	73	74	75	76	77	78	79	80	81	82	83	84	85	86	87	88	89	90	91	92	93	94	95	96	97	98	99	100	101	102	103	104	105	106	107	108	109	110	111	112	113	114	115	116	118
SAMEA6637004	263771.0	48099.0	58993.0	78642.0	108722.0	147225.0	196415.0	251774.0	304407.0	348880.0	377489.0	387494.0	380116.0	355517.0	315381.0	270913.0	226918.0	181027.0	138183.0	104420.0	75406.0	53123.0	37145.0	25779.0	18114.0	12706.0	9118.0	6826.0	5368.0	4253.0	3698.0	3477.0	3010.0	2913.0	2618.0	2455.0	2346.0	2020.0	1933.0	1543.0	1438.0	1204.0	1049.0	842.0	702.0	532.0	462.0	358.0	379.0	284.0	245.0	184.0	118.0	107.0	112.0	101.0	100.0	90.0	86.0	86.0	81.0	73.0	72.0	75.0	80.0	94.0	121.0	105.0	98.0	99.0	104.0	110.0	121.0	92.0	129.0	108.0	111.0	113.0	89.0	75.0	77.0	77.0	64.0	69.0	59.0	54.0	62.0	73.0	69.0	58.0	50.0	62.0	53.0	35.0	36.0	33.0	30.0	38.0	31.0	13.0	11.0	10.0	8.0	9.0	9.0	10.0	6.0	6.0	13.0	11.0	7.0	17.0	6.0	5.0	8.0	2.0	6.0	2.0
	0	1	2	3	4	5	6	7	8	9	10	11	12	13	14	15	16	17	18	19	20	21	22	23	24	25	26	27	28	29	30	31	32	33	34	35	36	37	38	39	40	41	42	43	44	45	46	47	48	49	50	51	52	53	54	55	56	57	58	59	60	61	62	63	64	65	66	67	68	69	70	71	72	73	74	75	76	77	78	79	80	81	82	83	84	85	86	87	88	89	90	91	92	93	94	95	96	97	98	99	100	101	102	103	104	105	106	107	108	109	110	111	112	113	114	115	116	117	118	119	120	121	122	123	124	125	126	127	128	129	130	131	132	133	134	135	136	137	138	139	140	141	142	143	144	145	146	147	148	149	150	151	152	153	154	155	156	157	158	159	160	161	162	163	164	165	166	167	168	169	170	171
SAMEA6651390	258323.0	29217.0	29335.0	33964.0	39783.0	47248.0	54553.0	63739.0	74784.0	87182.0	100541.0	111324.0	125206.0	137451.0	148589.0	159835.0	169495.0	174916.0	179348.0	181566.0	183169.0	184353.0	178824.0	174273.0	168967.0	160859.0	151210.0	144192.0	134599.0	124342.0	113348.0	104548.0	94142.0	84641.0	75709.0	67827.0	59480.0	52630.0	45936.0	40626.0	35368.0	31067.0	27101.0	23561.0	20253.0	17120.0	14980.0	12795.0	11022.0	9449.0	8029.0	7103.0	6015.0	5102.0	4564.0	4035.0	3433.0	3064.0	2841.0	2539.0	2195.0	2016.0	1807.0	1711.0	1576.0	1471.0	1397.0	1337.0	1196.0	1027.0	970.0	938.0	803.0	694.0	660.0	636.0	611.0	547.0	566.0	472.0	378.0	379.0	352.0	313.0	273.0	300.0	244.0	222.0	230.0	197.0	174.0	136.0	103.0	119.0	111.0	119.0	97.0	102.0	84.0	76.0	94.0	96.0	70.0	92.0	99.0	74.0	60.0	64.0	61.0	52.0	63.0	56.0	54.0	61.0	72.0	60.0	60.0	64.0	66.0	48.0	69.0	49.0	62.0	52.0	56.0	51.0	58.0	85.0	82.0	60.0	69.0	79.0	59.0	57.0	60.0	69.0	67.0	67.0	56.0	71.0	56.0	59.0	68.0	60.0	71.0	59.0	75.0	71.0	64.0	60.0	47.0	54.0	39.0	29.0	18.0	27.0	18.0	22.0	15.0	21.0	17.0	21.0	12.0	21.0	19.0	13.0	5.0	2.0	2.0	7.0	4.0	1.0
	0	1	2	3	4	5	6	7	8	9	10	11	12	13	14	15	16	17	18	19	20	21	22	23	24	25	26	27	28	29	30	31	32	33	34	35	36	37	38	39	40	41	42	43	44	45	46	47	48	49	50	51	52	53	54	55	56	57	58	59	60	61	62	63	64	65	66	67	68	69	70	71	72	73	74	75	76	77	78	79	80	81	82	83	84	85	86	87	88	89	90	91	92	93	94	95	96	97	98	99	100	101	102	103	104	105	106	107	108	109	110	111	112	113	114	115	116	117	118	119	120	121	122	123	124	125	126	127	128	129	130	131	132	133	134	135	136	137	138	139	140	141	142	143	144	145	146	147	148	149	150	151	152	153	154	155	156	157	158	159	160	161	162	163	164	165	166	167	168	169	170	171	172	173	174	175	176	177	178	179	180	181	182	183	184	185	186	187	188	189	190	191	192	193	194	195	196	197	198	199	200	201	202	203	204	205	206	207	208	209	210	211	212	213	214	215	216	217	218	219	220	221	222	223	224	225	226	227	228	229	230	231	232	233
SAMEA7293135	257859.0	18628.0	15764.0	17058.0	20145.0	22435.0	24613.0	26842.0	29685.0	32612.0	35082.0	38147.0	39840.0	43028.0	45179.0	47799.0	50803.0	55090.0	56963.0	58885.0	62035.0	64437.0	68865.0	72085.0	75221.0	80031.0	82233.0	85119.0	89886.0	92717.0	95600.0	98632.0	100400.0	103246.0	105327.0	106370.0	106822.0	108991.0	109708.0	110374.0	110052.0	110445.0	109261.0	107689.0	105109.0	104021.0	101327.0	98043.0	94339.0	89850.0	85619.0	80371.0	75849.0	71943.0	66777.0	62103.0	57071.0	52347.0	48062.0	42638.0	39437.0	35341.0	31558.0	28371.0	25120.0	22323.0	19263.0	17080.0	14896.0	12683.0	11094.0	9378.0	8463.0	7453.0	6594.0	5968.0	5288.0	4532.0	4000.0	3602.0	3493.0	3169.0	2879.0	2593.0	2508.0	2487.0	2335.0	2141.0	2008.0	1945.0	1969.0	1847.0	1971.0	1801.0	1673.0	1602.0	1615.0	1550.0	1556.0	1576.0	1349.0	1363.0	1365.0	1396.0	1345.0	1300.0	1319.0	1328.0	1307.0	1238.0	1225.0	1179.0	1074.0	1089.0	1020.0	986.0	939.0	870.0	743.0	745.0	705.0	669.0	658.0	660.0	612.0	599.0	520.0	504.0	470.0	440.0	380.0	370.0	337.0	251.0	248.0	257.0	246.0	247.0	218.0	218.0	227.0	196.0	192.0	223.0	200.0	213.0	198.0	191.0	187.0	144.0	156.0	146.0	130.0	139.0	168.0	135.0	142.0	152.0	124.0	126.0	124.0	113.0	120.0	114.0	104.0	120.0	128.0	141.0	138.0	132.0	131.0	128.0	134.0	97.0	101.0	137.0	80.0	89.0	75.0	91.0	105.0	103.0	109.0	114.0	118.0	120.0	155.0	129.0	72.0	75.0	73.0	85.0	95.0	89.0	102.0	100.0	99.0	88.0	99.0	96.0	90.0	76.0	99.0	86.0	67.0	103.0	69.0	89.0	67.0	80.0	85.0	75.0	75.0	69.0	80.0	78.0	77.0	60.0	72.0	61.0	80.0	64.0	80.0	97.0	100.0	98.0	93.0	88.0	101.0	64.0	77.0	68.0	46.0	64.0
	0	1	2	3	4	5	6	7	8	9	10	11	12	13	14	15	16	17	18	19	20	21	22	23	24	25	26	27	28	29	30	31	32	33	34	35	36	37	38	39	40	41	42	43	44	45	46	47	48	49	50	51	52	53	54	55	56	57	58	59	60	61	62	63	64	65	66	67	68	69	70	71	72	73	74	75	76	77	78	79	80	81	82	83	84	85	86	87	88	89	90	91	92	93	94	95	96	97	98	99	100	101	102	103	104	105	106	107	108	109	110	111	112	113	114	115	116	117	118	119	120	121	122	123	124	125	126	127	128	129	130	131	132	133	134	135	136	137	138	139	140	141	142	143	144	145	146	147	148	149	150	151	152	153	154	155	156	157	158	159	160	161	162	163	164	165	166	167	168	169	170	171	172	173	174	175	176
SAMEA7293136	340404.0	155291.0	172390.0	181356.0	182237.0	183080.0	180496.0	177265.0	172176.0	168558.0	161028.0	154667.0	147049.0	140349.0	135059.0	129019.0	123155.0	117719.0	111428.0	104907.0	98874.0	93776.0	88799.0	84964.0	80072.0	76225.0	72164.0	68063.0	64452.0	61028.0	57591.0	54320.0	51497.0	47756.0	45375.0	41820.0	39399.0	37865.0	34560.0	32392.0	30282.0	28851.0	27230.0	25445.0	23431.0	21539.0	19940.0	18595.0	16845.0	15300.0	13699.0	12194.0	11197.0	10136.0	9019.0	8088.0	7167.0	6397.0	5606.0	5281.0	4542.0	4136.0	3541.0	3148.0	2702.0	2441.0	2149.0	1884.0	1635.0	1394.0	1272.0	1071.0	947.0	820.0	806.0	754.0	651.0	573.0	591.0	502.0	455.0	404.0	404.0	402.0	385.0	330.0	329.0	309.0	291.0	287.0	255.0	240.0	218.0	209.0	196.0	181.0	163.0	164.0	148.0	133.0	125.0	104.0	132.0	115.0	88.0	80.0	82.0	79.0	80.0	78.0	99.0	86.0	92.0	85.0	92.0	93.0	72.0	63.0	67.0	63.0	75.0	62.0	58.0	78.0	84.0	90.0	83.0	55.0	72.0	68.0	58.0	72.0	65.0	66.0	88.0	85.0	74.0	55.0	51.0	49.0	54.0	40.0	48.0	60.0	46.0	54.0	42.0	50.0	46.0	40.0	28.0	25.0	27.0	25.0	17.0	18.0	14.0	20.0	11.0	9.0	5.0	3.0	5.0	4.0	2.0	4.0	13.0	8.0	6.0	4.0	6.0	11.0	7.0	7.0	1.0	2.0	1.0
	0	1	2	3	4	5	6	7	8	9	10	11	12	13	14	15	16	17	18	19	20	21	22	23	24	25	26	27	28	29	30	31	32	33	34	35	36	37	38	39	40	41	42	43	44	45	46	47	48	49	50	51	52	53	54	55	56	57	58	59	60	61	62	63	64	65	66	67	68	69	70	71	72	73	74	75	76	77	78	79	80	81	82	83	84	85	86	87	88	89	90	91	92	93	94	95	96	97	98	99	100	101	102	103	104	105	106	107	108	109	110	111	112	113	114	115	116	117	118	119	120	121	122	123	124	125	126	127	128	129	130	131	132	133	134	135	136	137	138	139	140	141	142	143	144	145	146	147	148	149	150	151	152	153	154	155	156	157	158	159	160	161	162	163	164	165	166	167	168	169	170	171	172	173	174	175	176	178
SAMEA7313236_38	305793.0	34078.0	22868.0	29874.0	50694.0	84789.0	128265.0	183933.0	242189.0	300026.0	343906.0	374506.0	384564.0	380044.0	352852.0	318009.0	275661.0	229356.0	185687.0	146142.0	110771.0	82423.0	61346.0	44056.0	31865.0	23500.0	17247.0	12654.0	9691.0	7753.0	6655.0	5402.0	4650.0	3905.0	3545.0	3325.0	2857.0	2633.0	2269.0	2053.0	1835.0	1500.0	1328.0	1178.0	935.0	734.0	598.0	478.0	386.0	317.0	201.0	156.0	139.0	127.0	96.0	85.0	63.0	60.0	51.0	59.0	38.0	31.0	17.0	18.0	21.0	21.0	14.0	15.0	21.0	20.0	17.0	12.0	15.0	15.0	17.0	22.0	18.0	21.0	15.0	12.0	20.0	21.0	16.0	14.0	24.0	24.0	26.0	33.0	26.0	35.0	33.0	29.0	27.0	45.0	30.0	33.0	28.0	23.0	35.0	43.0	45.0	40.0	36.0	41.0	39.0	41.0	44.0	47.0	61.0	50.0	59.0	60.0	72.0	71.0	78.0	96.0	85.0	101.0	82.0	92.0	76.0	78.0	86.0	94.0	114.0	78.0	112.0	138.0	125.0	123.0	165.0	162.0	151.0	160.0	143.0	150.0	171.0	139.0	175.0	174.0	171.0	161.0	171.0	180.0	179.0	131.0	130.0	111.0	113.0	128.0	90.0	84.0	104.0	112.0	129.0	89.0	102.0	78.0	86.0	85.0	77.0	67.0	53.0	31.0	34.0	17.0	16.0	21.0	12.0	15.0	23.0	31.0	25.0	12.0	13.0	9.0	2.0	2.0
	0	1	2	3	4	5	6	7	8	9	10	11	12	13	14	15	16	17	18	19	20	21	22	23	24	25	26	27	28	29	30	31	32	33	34	35	36	37	38	39	40	41	42	43	44	45	46	47	48	49	50	51	52	53	54	55	56	57	58	59	60	61	62	63	64	65	66	67	68	69	70	71	72	73	74	75	76	77	78	79	80	81	82	83	84	85	86	87	88	89	90	91	92	93	94	95	96	97	98	99	100	101	102	103	104	105	106	107	108	109	110
SAMEA7313243_45	394085.0	267699.0	419288.0	530417.0	573758.0	551268.0	485235.0	399132.0	320286.0	241141.0	176708.0	127727.0	91705.0	64910.0	45103.0	31921.0	22490.0	16435.0	12285.0	8880.0	6715.0	5727.0	4610.0	3688.0	3094.0	2737.0	2570.0	2286.0	2050.0	1760.0	1598.0	1403.0	1119.0	1019.0	918.0	844.0	719.0	632.0	502.0	447.0	383.0	351.0	277.0	230.0	242.0	201.0	205.0	165.0	175.0	168.0	148.0	120.0	132.0	138.0	129.0	117.0	129.0	107.0	111.0	129.0	76.0	81.0	108.0	100.0	90.0	62.0	50.0	48.0	33.0	42.0	56.0	45.0	49.0	48.0	55.0	36.0	19.0	31.0	22.0	12.0	16.0	14.0	8.0	7.0	10.0	7.0	3.0	6.0	2.0	6.0	11.0	7.0	7.0	9.0	4.0	2.0	7.0	11.0	5.0	7.0	11.0	11.0	12.0	10.0	4.0	9.0	5.0	2.0	5.0	5.0	1.0
	0	1	2	3	4	5	6	7	8	9	10	11	12	13	14	15	16	17	18	19	20	21	22	23	24	25	26	27	28	29	30	31	32	33	34	35	36	37	38	39	40	41	42	43	44	45	46	47	48	49	50	51	52	53	54	55	56	57	58	59	60	61	62	63	64	65	66	67	68	69	70	71	72	73	74	75	76	77	78	79	80	81	82	83	84	85	86	87	88	89	90	91	92	93	94	95	96	97	98	99	100	101	102	103	104	105	106	107	108	109	110	111	112	113	114	115	116	117	118	119	120	121	122	123	124	125	126	127	128	129	130	131	132	133	134	135	136	137	138	139	140	141	142	143	144	145	146	147	148	149	150	151	152	153	154	155	156	157	158	159	160	161	162	163	164	165	166	167	168	169	170	171	172	173	174	175	176	177	178	179	180	181	182	183	184	185	186	187	188	189	190	191	192	193	194	195	196	197	198	199	200	201	202	203	204	205	206	207	208	209	210	211	212	213	214	215	216	217	218	219	220	221	222	223	224	225	226	227	228	229	230	231	232	233
SAMEA7313246_49	198341.0	3962.0	3050.0	2401.0	1638.0	1756.0	1225.0	1047.0	919.0	768.0	801.0	787.0	651.0	632.0	563.0	592.0	709.0	568.0	623.0	480.0	476.0	490.0	590.0	613.0	628.0	556.0	567.0	450.0	476.0	456.0	483.0	506.0	481.0	499.0	478.0	479.0	557.0	559.0	573.0	506.0	557.0	532.0	497.0	528.0	558.0	586.0	658.0	622.0	583.0	635.0	548.0	620.0	622.0	628.0	641.0	656.0	646.0	621.0	665.0	756.0	799.0	749.0	743.0	773.0	816.0	738.0	698.0	794.0	816.0	719.0	761.0	779.0	809.0	840.0	803.0	857.0	847.0	841.0	861.0	823.0	931.0	887.0	923.0	971.0	1057.0	997.0	1009.0	1084.0	1035.0	1088.0	1065.0	1067.0	1074.0	1060.0	1067.0	1093.0	1168.0	1228.0	1224.0	1287.0	1309.0	1271.0	1352.0	1365.0	1398.0	1472.0	1553.0	1639.0	1592.0	1658.0	1651.0	1780.0	1845.0	1985.0	2138.0	2179.0	2197.0	2423.0	2559.0	2550.0	2567.0	2767.0	2901.0	2943.0	3003.0	3153.0	3426.0	3632.0	3976.0	4071.0	4416.0	4405.0	4748.0	5161.0	5209.0	5507.0	5816.0	6406.0	6797.0	7184.0	7673.0	7995.0	8607.0	9124.0	9791.0	10347.0	10851.0	11859.0	12844.0	13858.0	14731.0	15666.0	17071.0	18099.0	19457.0	20738.0	22204.0	23755.0	25275.0	26721.0	28936.0	30859.0	32751.0	35257.0	37561.0	40192.0	42536.0	44959.0	48320.0	51301.0	54214.0	56845.0	59707.0	63216.0	67298.0	70425.0	73224.0	75937.0	79128.0	81958.0	85326.0	87793.0	90593.0	92635.0	94447.0	97390.0	98944.0	100634.0	101958.0	102995.0	103742.0	104106.0	104381.0	103107.0	102953.0	100525.0	99332.0	97021.0	94343.0	89982.0	86854.0	83158.0	79511.0	75947.0	70972.0	66133.0	61856.0	56822.0	52666.0	48888.0	43876.0	40103.0	35744.0	31917.0	28321.0	25074.0	22280.0	19179.0	16795.0	14202.0	12472.0	10639.0	9169.0	8061.0	6970.0	5895.0	5233.0	4845.0	4200.0	3984.0	3509.0	3425.0	3239.0	3048.0
	0	1	2	3	4	5	6	7	8	9	10	11	12	13	14	15	16	17	18	19	20	21	22	23	24	25	26	27	28	29	30	31	32	33	34	35	36	37	38	39	40	41	42	43	44	45	46	47	48	49	50	51	52	53	54	55	56	57	58	59	60	61	62	63	64	65	66	67	68	69	70	71	72	73	74	75	76	77	78	79	80	81	82	83	84	85	86	87	88	89	90	91	92
SAMN00715800	302481.0	85567.0	93129.0	109563.0	126595.0	145407.0	165235.0	182284.0	195444.0	203815.0	207552.0	207128.0	203261.0	198033.0	193284.0	182910.0	171439.0	162044.0	153469.0	143662.0	133285.0	125321.0	115481.0	106273.0	97246.0	88794.0	80912.0	72942.0	65065.0	58929.0	52534.0	47258.0	41562.0	37049.0	32914.0	29008.0	25649.0	22299.0	19559.0	17408.0	15394.0	13315.0	11493.0	10379.0	9121.0	8201.0	7188.0	6434.0	5833.0	5237.0	4784.0	4048.0	3585.0	3239.0	2874.0	2477.0	2134.0	1914.0	1633.0	1318.0	1176.0	993.0	909.0	761.0	596.0	544.0	515.0	410.0	321.0	284.0	184.0	154.0	122.0	100.0	106.0	72.0	72.0	26.0	22.0	21.0	14.0	17.0	9.0	7.0	7.0	3.0	3.0	3.0	3.0	2.0	4.0	2.0	2.0

