Sample	Variant-COMPLEX	Variant-DEL	Variant-INS	Variant-SNP	VariantTotal
D51	5	6	4	118	133
D62	1	2	4	58	65
D71	2	4	5	111	122
D72	3	2	8	112	125
D75	2	5	9	144	160
P187	2	4	6	108	120
P212	1	5	2	100	108
P387	1	3	2	95	101
R36	2	4	5	101	112
SAMEA3713711	4	13	12	222	251
SAMEA3713712	5	12	11	234	263
SAMEA3713713	10	16	16	249	291
SAMEA3713714	7	9	6	215	237
SAMEA3713715	8	14	10	230	262
SAMEA3937653	1	6	9	110	127
SAMEA3937654	1	4	5	105	115
SAMEA5054089	4	6	6	103	121
SAMEA5054090	2	6	10	110	130
SAMEA5054092	3	10	14	118	147
SAMEA5054093	2	4	2	73	81
SAMEA5818798	3	10	11	194	219
SAMEA5818799	11	12	13	218	258
SAMEA5818800	11	20	16	227	278
SAMEA5818801	8	11	11	211	242
SAMEA5818803	6	11	7	177	201
SAMEA5818805	3	5	6	142	156
SAMEA5818806	5	6	5	108	124
SAMEA5818808	3	5	1	111	120
SAMEA5818809	3	4	3	118	128
SAMEA5818811	3	6	4	85	98
SAMEA5818815	2	14	14	150	180
SAMEA5818817	5	7	6	126	144
SAMEA5818818	3	6	2	145	157
SAMEA5818821	4	4	4	158	171
SAMEA5818822	3	4	3	143	153
SAMEA5818825	2	5	2	128	137
SAMEA5818826	8	6	11	179	206
SAMEA5818828	3	7	7	155	172
SAMEA5818829	5	7	4	160	177
SAMEA5818830	6	4	7	158	177
SAMEA6637002	12	12	16	161	202
SAMEA6637004	2	12	14	148	177
SAMEA6651390	3	9	13	145	170
SAMEA7293135	12	29	19	309	369
SAMEA7293136	2	6	6	107	121
SAMEA7313236_38	2	12	5	200	219
SAMEA7313243_45	0	5	5	105	115
SAMEA7313246_49	6	15	14	178	220
SAMN00715800	2	4	4	104	115
