Sample	QualiMap_mqc-generalstats-qualimap-avg_gc	QualiMap_mqc-generalstats-qualimap-1_x_pc	QualiMap_mqc-generalstats-qualimap-3_x_pc	QualiMap_mqc-generalstats-qualimap-5_x_pc	QualiMap_mqc-generalstats-qualimap-10_x_pc	QualiMap_mqc-generalstats-qualimap-20_x_pc	QualiMap_mqc-generalstats-qualimap-median_coverage	QualiMap_mqc-generalstats-qualimap-mean_coverage	QualiMap_mqc-generalstats-qualimap-percentage_aligned	QualiMap_mqc-generalstats-qualimap-mapped_reads	QualiMap_mqc-generalstats-qualimap-total_reads	QualiMap_mqc-generalstats-qualimap-general_error_rate	Snippy_mqc-generalstats-snippy-VariantTotal	Snippy_mqc-generalstats-snippy-Variant_SNP	Snippy_mqc-generalstats-snippy-Variant_INS	Snippy_mqc-generalstats-snippy-Variant_DEL	Snippy_mqc-generalstats-snippy-Variant_COMPLEX	Snippy_mqc-generalstats-snippy-Percent_Aligned	Snippy_mqc-generalstats-snippy-Percent_Het	Snippy_mqc-generalstats-snippy-LENGTH	Snippy_mqc-generalstats-snippy-ALIGNED	Snippy_mqc-generalstats-snippy-UNALIGNED	Snippy_mqc-generalstats-snippy-VARIANT	Snippy_mqc-generalstats-snippy-HET	Snippy_mqc-generalstats-snippy-MASKED	Snippy_mqc-generalstats-snippy-LOWCOV
D24	43.982294672802446	77.82600098760729	41.9906187659878	19.50739721999936	1.9121277967972123	0.0372474950076141	2	2.6107	100.0	161508.0	161508.0	1.26	58	53	5	0	0	40.67710107239244	0.24747473462126746	4829855	1964645	812390	51	4862	381659	1666299
D25	44.163461538461554	4.134140672960162	0.027619876787191334	0.009813959218237401	0.00281581952253225	0.0005590229934439026	0	0.0441	100.0	2906.0	2906.0	1.32	9	7	0	1	1	0.019462281993972905	2.553191489361702	4829855	940	4256131	2	24	381659	191101
D51	42.358244733979966	87.80638342144847	70.90970639905339	57.10910575990376	34.62182612107403	13.692398633085258	6	9.243	100.0	642107.0	642107.0	1.39	133	118	4	6	5	67.41115416508363	2.154238156972917	4829855	3255861	344429	0	70139	381659	777767
D62	43.57320724980298	82.4222052214818	55.52328175483529	34.604496408277264	8.220163959373522	0.39156455007448465	3	3.8942	100.0	317681.0	317681.0	1.3	65	58	4	2	1	53.875923811377355	0.4434445794193908	4829855	2602129	585262	0	11539	381659	1249266
D71	43.395969917290415	93.99315300355808	89.1726977310913	83.64333918927173	70.01605638264503	47.56086880455003	18	22.9904	100.0	1630634.0	1630634.0	1.2	122	111	5	4	2	83.55168012290224	3.426256218366095	4829855	4035425	64652	0	138264	381659	209855
D72	44.885328551126754	88.79819373459452	70.58091806068713	52.905190735539676	21.65717190267617	2.2401914757275323	5	6.0509	100.0	440831.0	440831.0	1.25	125	112	8	2	3	68.05788165483229	0.7595455807966726	4829855	3287097	298500	0	24967	381659	837632
D75	44.592997786456834	93.84383175064262	89.34057026556698	83.90831608816414	69.11975618315664	40.299284347045614	16	17.709	100.0	1326098.0	1326098.0	1.1400000000000001	160	144	9	5	2	84.38924149896839	2.630132697789286	4829855	4075878	70382	0	107201	381659	194735
P187	42.46856404635139	78.46341142746522	54.59621458615217	39.58700623517683	18.441713053497466	3.5728815875424833	3	5.2367	100.0	330435.0	330435.0	1.1400000000000001	120	108	6	4	2	52.37140659502201	0.6920045875349827	4829855	2529463	790642	0	17504	381659	1110587
P212	40.87828285730706	81.15198075304538	61.386749705736506	48.37242525914339	27.790710073076728	8.217907162844433	4	7.1261	100.0	534718.0	534718.0	1.46	108	100	2	5	1	58.54111562355392	1.6839195444943167	4829855	2827451	657802	0	47612	381659	915331
P246	42.625287356321856	11.227210754774212	0.40707226200372476	0.08037508372404555	0.010580027764808674	0.0012422733187642278	0	0.138	100.0	8281.0	8281.0	1.13	6	6	0	0	0	0.373655109728967	0.4654513215492879	4829855	18047	3929065	0	84	381659	501000
P384	40.50726817042607	46.94010482716355	15.674880508835152	6.090141422465064	0.8153039791049628	0.11905119304823851	0	1.1945	100.0	95041.0	95041.0	1.09	41	39	0	1	1	15.017428059434495	0.2862184966635416	4829855	725320	2255173	0	2076	381659	1465627
P387	42.32307233407904	79.58947007725905	58.954130092932395	45.85909928973023	26.43944797514625	8.327165101229747	4	6.8724	100.0	454502.0	454502.0	1.11	101	95	2	3	1	56.406020470593845	0.9403049338020482	4829855	2724329	739267	0	25617	381659	958983
R21	43.59549949388772	68.69454673069896	35.41744006807658	19.429237523693775	4.974041663776656	0.42146192794607706	1	2.6182	100.0	208865.0	208865.0	1.23	69	64	2	3	0	34.31206526904017	0.44954722448336765	4829855	1657223	1225965	0	7450	381659	1557558
R36	44.041471055156066	94.63567746857825	91.39678106278554	87.1770270536072	75.50131422164847	53.300668446568274	21	24.1954	100.0	1682735.0	1682735.0	1.29	112	101	5	4	2	85.00277958655073	4.057229416752263	4829855	4105511	40469	0	166570	381659	135646
R44	44.88034188034189	5.4206596264277085	0.07507471756398484	0.030974014747854748	0.010062413881990246	0.003126387852223307	0	0.061	100.0	5491.0	5491.0	1.4000000000000001	36	30	0	0	6	0.055778072012513835	3.34075723830735	4829855	2694	4194509	0	90	381659	250903
Reference																		92.09792012389606	0.0	4829855	4448196	0	0	0	381659	0
SAMEA3713711	44.1371553222673	91.13774637126788	88.66582951248019	82.92874216720791	53.282821119888695	14.734831583970948	10	12.0367	100.0	859121.0	859121.0	0.16999999999999998	251	222	12	13	4	85.6109966034177	0.10677438101694194	4829855	4134887	205491	0	4415	381659	103403
SAMEA3713712	45.74069449970502	91.52098769010664	90.51983962251455	88.8033698734227	73.23277820969781	20.948434269765862	13	14.9758	100.0	877851.0	877851.0	0.24						87.01385445318752	0.2147458159067996	4829855	4202643	204161	0	9025	381659	32367
SAMEA3713713	45.197326734723454	91.75300293694117	90.65572361903205	89.76223923906619	81.88146435037905	43.10473088736618	18	19.8333	100.0	1376115.0	1376115.0	0.16	291	249	16	16	10	87.4086696184461	0.12163311945485623	4829855	4221712	182715	0	5135	381659	38634
SAMEA3713714	48.616558212465705	90.96233737865836	87.6567101910927	83.17460876154666	62.714553542497654	20.200192345318854	12	13.0856	100.0	975980.0	975980.0	0.13999999999999999	237	215	6	9	7	84.81770156661018	0.06866716854970449	4829855	4096572	210626	0	2813	381659	138185
SAMEA3713715	48.16133834688809	91.68776288315074	90.46126643553481	89.81228214925707	86.56909990051462	64.13089005777606	24	24.1539	100.0	1594858.0	1594858.0	0.18	262	230	10	14	8	87.12278111868783	0.21519027050046768	4829855	4207904	188566	0	9055	381659	42671
SAMEA3937653	47.221077438454344	92.49822199631252	89.57948012932066	83.20624532206453	48.35085111250752	5.607394010793285	9	10.5152	100.0	885802.0	885802.0	0.11						87.04106023886845	0.03394421018102707	4829855	4203957	126962	0	1427	381659	115850
SAMEA3937654	47.733176180052766	92.86986876417615	91.4862868554025	90.10982731365641	81.79968135689374	41.707960176858315	18	18.2581	100.0	1589079.0	1589079.0	0.16999999999999998	115	105	5	4	1	88.85716030812519	0.028333945371407696	4829855	4291672	108972	0	1216	381659	46336
SAMEA5054089	47.27069475940228	95.65877236480185	95.24971246548809	94.9733894702843	94.42966714321652	92.33001818895184	39	37.943	100.0	2775183.0	2775183.0	0.88						88.51872364698319	3.7715486491556436	4829855	4275326	9050	0	161246	381659	2574
SAMEA5054090	43.58948051833335	95.61274613834162	94.94784004902839	93.8670415571482	89.00219571809092	75.86908923766863	41	46.5599	100.0	2923541.0	2923541.0	0.89						88.99039412156266	2.9223562838244836	4829855	4298107	9713	0	125606	381659	14770
SAMEA5054092	43.96106871763263	95.4004209236095	93.61386625478404	91.35139667754001	84.13881990246084	66.3489690684296	28	30.741	100.0	1373043.0	1373043.0	0.7000000000000001						88.63845809035675	1.818383974806528	4829855	4281109	23953	0	77847	381659	65287
SAMEA5054093	45.39205818370726	90.6117678481031	75.13815632146307	57.43764564360628	21.808377270125085	1.8443824918139364	5	6.3078	100.0	432084.0	432084.0	1.3599999999999999	81	73	2	4	2	72.31740911476638	1.0492363490193901	4829855	3492826	211482	0	36648	381659	707240
SAMEA5818798	49.488889604016144	92.73133458457863	89.54695327292434	84.69626934970097	63.64859814632116	17.944741612325835	12	12.7385	100.0	1035284.0	1035284.0	0.13						87.31436036899657	0.028099499259809396	4829855	4217157	99502	0	1185	381659	130352
SAMEA5818799	49.43499393799751	93.5077968179169	92.49242472082496	91.44471210833451	87.96015615375617	75.5944847205558	35	37.4348	100.0	2758758.0	2758758.0	0.15						89.84640325641246	0.03101774855851581	4829855	4339451	74735	0	1346	381659	32664
SAMEA5818800	48.903531946284396	94.34281153367958	93.9361326582268	93.64088569946716	92.99239832251693	91.55074013609104	86	80.7066	100.0	3771457.0	3771457.0	0.15						90.60909696046777	0.020359720384033227	4829855	4376288	64208	0	891	381659	6809
SAMEA5818801	49.597648250500946	93.0715311329222	91.27421009533413	89.1710620712216	80.58488298302952	45.56314837608996	18	18.6379	100.0	1433326.0	1433326.0	0.16						88.80991251290152	0.0813868638664239	4829855	4289390	88332	0	3491	381659	66983
SAMEA5818803	47.69350858271027	94.29100873628711	93.19308757716328	91.7452594332542	85.41970721688332	58.653147972351135	22	22.4032	100.0	2242779.0	2242779.0	0.11	201	177	7	11	6	90.85229266717117	0.05831768851380823	4829855	4388034	22757	0	2559	381659	34846
SAMEA5818805	46.823921574569304	94.0500905306681	92.07543497682643	88.49284295284227	68.99223682698549	19.35165755493695	13	13.4952	100.0	1374601.0	1374601.0	0.13	156	142	6	5	3	89.9231964520674	0.06665653579421435	4829855	4343160	28379	0	2895	381659	73762
SAMEA5818806	48.27442869131878	94.4450920369245	93.31480965784687	91.99988405449025	86.92082888616739	68.38012735371973	27	27.6011	100.0	2500541.0	2500541.0	0.13999999999999999	124	108	5	6	5	90.81164962509226	0.0480156385977336	4829855	4386071	22191	0	2106	381659	37828
SAMEA5818808	50.19126501600728	90.36024891016397	79.75771529373036	65.22131616787668	26.932920346470027	1.9603901152312027	6	6.9643	100.0	616712.0	616712.0	0.2	120	111	1	5	3	77.59589055986153	0.0458406054375283	4829855	3747769	200870	0	1718	381659	497839
SAMEA5818809	51.204898083358664	93.37454229992412	90.94312355132814	88.64199856931523	81.99488390438222	62.888844489120274	25	25.6325	100.0	2022305.0	2022305.0	0.22999999999999998	128	118	3	4	3	88.36472316456705	0.05410170088812077	4829855	4267888	74103	0	2309	381659	103896
SAMEA5818811	49.994180121225114	91.14470310185295	81.84314021849518	68.72384367646647	31.978020044079997	2.958515317747634	7	7.6312	100.0	667954.0	667954.0	0.19	98	85	4	6	3	79.67673977790224	0.01782618739688551	4829855	3848271	167341	0	686	381659	431898
SAMEA5818815	47.71050159065059	94.71603184774698	93.63142371768924	91.62349594346	72.84622416200901	8.784404500756233	13	12.4455	100.0	874459.0	874459.0	0.15	180	150	14	14	2	91.0376605508861	0.04584957835899901	4829855	4396987	20217	0	2016	381659	28976
SAMEA5818817	44.937808471787825	93.78763958752386	90.024462432102	82.97772914507786	54.89255888634338	12.171607636254091	10	11.3286	100.0	1077140.0	1077140.0	0.13	144	126	6	7	5	87.97999111774577	0.03480568356338659	4829855	4249306	42438	0	1479	381659	154973
SAMEA5818818	48.78724904868128	92.82605792513439	88.72276703959021	83.25094645698474	61.813822568172334	17.8489416348938	12	12.505	100.0	956560.0	956560.0	0.22						86.33785072222665	0.027961677633511615	4829855	4169993	93753	0	1166	381659	183284
SAMEA5818821	49.75941507769561	93.03130218194956	90.00603537787366	86.74241773303753	75.40402351623392	42.20956943842	17	18.1525	100.0	1349206.0	1349206.0	0.22999999999999998						87.51558794208107	0.026260529052662063	4829855	4226876	87347	0	1110	381659	132863
SAMEA5818822	50.475462535480986	91.29379660465997	85.12425321257057	77.95258863878936	55.77722312574601	18.137935817948986	11	11.9917	100.0	921448.0	921448.0	0.25	153	143	3	4	3	82.69225473642582	0.03703132464478472	4829855	3993916	165834	0	1479	381659	286967
SAMEA5818825	49.291524076568116	91.37845753133375	83.9591457714569	73.68769869902927	42.30609407528797	7.459851279179189	8	9.2809	100.0	744473.0	744473.0	0.21	137	128	2	5	2	81.66555724757782	0.02045975892471417	4829855	3944328	157653	0	807	381659	345408
SAMEA5818826	49.33467903388741	94.41579509115698	93.636372106409	92.9900587077666	91.4718350757942	87.76580249303551	59	55.9384	100.0	3997559.0	3997559.0	0.22						90.86322467237629	0.02014327244322856	4829855	4388562	30578	0	884	381659	28172
SAMEA5818828	49.543150362085946	93.09503080320216	90.24117701256041	87.22323962106523	76.87245269267918	46.22749544240976	18	19.1611	100.0	1400859.0	1400859.0	0.24	172	155	7	7	3	87.7521581910844	0.0319467560357898	4829855	4238302	84372	0	1354	381659	124168
SAMEA5818829	48.9381074388446	93.75128238839469	91.97458308789808	90.3019448824033	85.17831280649212	68.57423255977663	28	28.6884	100.0	2126575.0	2126575.0	0.24						89.40071699875048	0.03422940416982694	4829855	4317925	55133	0	1478	381659	73660
SAMEA5818830	48.85966625660867	93.43992728560174	91.14824358081144	88.67247567473558	80.12607003729926	53.30870181402961	21	21.857	100.0	1653531.0	1653531.0	0.22999999999999998						88.62108696844936	0.05866452349968577	4829855	4280270	68198	0	2511	381659	97217
SAMEA6637002	49.29885157078542	95.14494741560564	94.59484808550152	94.15355119356585	92.96473703661911	89.33373776231377	51	49.8202	100.0	3223234.0	3223234.0	0.1						91.51080104889277	0.026381051436488976	4829855	4419839	16236	0	1166	381659	10955
SAMEA6637004	48.19571775439631	94.53873874060402	92.32144650305237	88.44215820143668	62.58835927786652	5.910508700571756	11	11.1705	100.0	675024.0	675024.0	0.12						89.66875817182918	0.02188936128552432	4829855	4330871	35514	0	948	381659	80863
SAMEA6651390	48.28799643276043	94.6515371579478	93.43924403527642	91.912345194628	85.13147910237471	54.317489862532106	21	21.178	100.0	1557471.0	1557471.0	0.13	170	145	13	9	3	90.76487803464079	0.04197260283972031	4829855	4383812	24420	0	1840	381659	38124
SAMEA7293135	46.39463949861073	94.66114407161291	93.94907300529727	93.1788014339975	90.35911015962176	80.61107424550012	36	36.2462	100.0	1652290.0	1652290.0	0.27	369	309	19	29	12	90.15997374662386	0.3193637251308732	4829855	4354596	63982	0	13907	381659	15711
SAMEA7293136	45.50263877168011	92.95208655332303	86.16759716389001	78.63956578406598	60.386947434239744	32.966248469156945	13	16.2869	100.0	1235649.0	1235649.0	0.44999999999999996	121	107	6	6	2	83.3245304465662	0.5365448331624614	4829855	4024454	103416	0	21593	381659	298733
SAMEA7313236_38	46.42560485524481	93.66869191725218	92.48965031041304	90.82152569797644	71.37576593914311	9.454093342346717	12	12.5036	100.0	862897.0	862897.0	1.28	219	200	5	12	2	88.06107015635045	1.7624520892631514	4829855	4253222	87045	0	74961	381659	32968
SAMEA7313243_45	46.91562545935617	91.84064531957999	77.61688497894865	54.75543261650712	13.407151974541678	1.022432350453585	5	5.5564	100.0	482699.0	482699.0	0.9299999999999999	115	105	5	5	0	75.21774463208523	0.29975986179666536	4829855	3632908	148076	0	10890	381659	656322
SAMEA7313246_49	47.653824648188646	95.8934377947164	95.7482574528635	95.66463175395535	95.54630522034306	95.41367183900967	186	175.8385	100.0	7460345.0	7460345.0	0.66						91.81803594517848	0.03666557075846318	4829855	4434678	11870	0	1626	381659	22
SAMN00715800	49.49711179531893	93.73726540444795	90.03744418828309	85.1478978147377	66.67560413304334	28.935713390981718	13	15.0431	100.0	1309582.0	1309582.0	0.22999999999999998						87.29102633515913	0.04812584350680616	4829855	4216030	70011	0	2029	381659	160126
