Character to attribute mapping:
  R: ?
  A: Bayan-Ölgii
  B: Colorado
  C: Gansu
  D: Govi-Altai
  E: Inner Mongolia
  F: Issyk-Kul Region
  G: Karachay-Cherkessia
  H: La Libertad
  I: Maharashtra
  J: Nairobi
  K: Qinghai
  L: Republic of Kalmykia
  M: Samtskhe-Javakheti
  N: Talas Region
  O: Tibet
  P: Xinjiang
  Q: Yunnan


Substitution rate (mu): 456.303314

Equilibrium frequencies (pi_i):
  A: 0.0591
  B: 0.0586
  C: 0.0581
  D: 0.0572
  E: 0.0585
  F: 0.0575
  G: 0.0584
  H: 0.0587
  I: 0.0587
  J: 0.0579
  K: 0.0664
  L: 0.0569
  M: 0.0576
  N: 0.0573
  O: 0.0587
  P: 0.0611
  Q: 0.0592

Symmetrized rates from j->i (W_ij):
	A	B	C	D	E	F	G	H	I	J	K	L	M	N	O	P	Q
  A	0	1.01	1.0349	1.0295	1.0589	1.0243	1.0233	1.0214	1.0124	1.1733	1.325	1.0122	1.055	1.0367	1.0124	1.3712	1.0355
  B	1.01	0	0.9975	0.9865	1.0113	0.9872	0.9922	1.0314	0.9844	0.9928	1.0378	0.9835	0.9927	0.9835	0.9844	1.0378	1.5002
  C	1.0349	0.9975	0	0.9974	1.0222	0.9964	1.0016	1.0316	0.9937	1.0393	1.2001	0.9925	1.0034	0.9939	0.9937	1.0524	1.1859
  D	1.0295	0.9865	0.9974	0	1.0511	0.991	1.0023	0.9965	0.9898	1.0006	1.479	0.988	0.9979	0.9885	0.9898	1.0747	1.0051
  E	1.0589	1.0113	1.0222	1.0511	0	1.0164	1.382	1.022	1.16	1.0264	1.1148	1.1488	1.0224	1.0123	1.16	1.2641	1.0308
  F	1.0243	0.9872	0.9964	0.991	1.0164	0	0.9966	0.9972	0.9887	0.9969	1.0456	0.9889	0.9974	0.9881	0.9887	1.528	1.0048
  G	1.0233	0.9922	1.0016	1.0023	1.382	0.9966	0	1.0024	1.0028	1.0024	1.0651	1.0143	1.002	0.9926	1.0028	1.1005	1.0104
  H	1.0214	1.0314	1.0316	0.9965	1.022	0.9972	1.0024	0	0.9945	1.0047	1.0587	0.9933	1.0029	0.9934	0.9945	1.0497	1.403
  I	1.0124	0.9844	0.9937	0.9898	1.16	0.9887	1.0028	0.9945	0	0.994	1.0426	0.9868	0.9941	0.9848	1.3606	1.0446	1.0024
  J	1.1733	0.9928	1.0393	1.0006	1.0264	0.9969	1.0024	1.0047	0.994	0	1.2639	0.9929	1.0037	0.9941	0.994	1.0806	1.0266
  K	1.325	1.0378	1.2001	1.479	1.1148	1.0456	1.0651	1.0587	1.0426	1.2639	0	1.0411	1.4556	1.5311	1.0426	1.1736	1.1127
  L	1.0122	0.9835	0.9925	0.988	1.1488	0.9889	1.0143	0.9933	0.9868	0.9929	1.0411	0	0.993	0.984	0.9868	1.4376	1.0008
  M	1.055	0.9927	1.0034	0.9979	1.0224	0.9974	1.002	1.0029	0.9941	1.0037	1.4556	0.993	0	1.0184	0.9941	1.067	1.0115
  N	1.0367	0.9835	0.9939	0.9885	1.0123	0.9881	0.9926	0.9934	0.9848	0.9941	1.5311	0.984	1.0184	0	0.9848	1.0514	1.0016
  O	1.0124	0.9844	0.9937	0.9898	1.16	0.9887	1.0028	0.9945	1.3606	0.994	1.0426	0.9868	0.9941	0.9848	0	1.0446	1.0024
  P	1.3712	1.0378	1.0524	1.0747	1.2641	1.528	1.1005	1.0497	1.0446	1.0806	1.1736	1.4376	1.067	1.0514	1.0446	0	1.0597
  Q	1.0355	1.5002	1.1859	1.0051	1.0308	1.0048	1.0104	1.403	1.0024	1.0266	1.1127	1.0008	1.0115	1.0016	1.0024	1.0597	0

Actual rates from j->i (Q_ij):
	A	B	C	D	E	F	G	H	I	J	K	L	M	N	O	P	Q
  A	0	0.0597	0.0611	0.0608	0.0626	0.0605	0.0605	0.0604	0.0598	0.0693	0.0783	0.0598	0.0623	0.0613	0.0598	0.081	0.0612
  B	0.0592	0	0.0584	0.0578	0.0592	0.0578	0.0581	0.0604	0.0577	0.0582	0.0608	0.0576	0.0581	0.0576	0.0577	0.0608	0.0879
  C	0.0601	0.0579	0	0.0579	0.0594	0.0579	0.0582	0.0599	0.0577	0.0604	0.0697	0.0576	0.0583	0.0577	0.0577	0.0611	0.0689
  D	0.0589	0.0564	0.057	0	0.0601	0.0567	0.0573	0.057	0.0566	0.0572	0.0846	0.0565	0.0571	0.0565	0.0566	0.0615	0.0575
  E	0.062	0.0592	0.0598	0.0615	0	0.0595	0.0809	0.0598	0.0679	0.0601	0.0652	0.0672	0.0598	0.0592	0.0679	0.074	0.0603
  F	0.0589	0.0568	0.0573	0.057	0.0584	0	0.0573	0.0573	0.0568	0.0573	0.0601	0.0568	0.0573	0.0568	0.0568	0.0878	0.0578
  G	0.0598	0.058	0.0585	0.0585	0.0807	0.0582	0	0.0586	0.0586	0.0586	0.0622	0.0592	0.0585	0.058	0.0586	0.0643	0.059
  H	0.06	0.0606	0.0606	0.0585	0.06	0.0586	0.0589	0	0.0584	0.059	0.0622	0.0583	0.0589	0.0584	0.0584	0.0617	0.0824
  I	0.0595	0.0578	0.0584	0.0581	0.0682	0.0581	0.0589	0.0584	0	0.0584	0.0613	0.058	0.0584	0.0579	0.0799	0.0614	0.0589
  J	0.0679	0.0575	0.0602	0.0579	0.0594	0.0577	0.058	0.0582	0.0575	0	0.0732	0.0575	0.0581	0.0576	0.0575	0.0626	0.0594
  K	0.088	0.0689	0.0797	0.0982	0.074	0.0694	0.0707	0.0703	0.0692	0.0839	0	0.0691	0.0967	0.1017	0.0692	0.0779	0.0739
  L	0.0576	0.056	0.0565	0.0562	0.0654	0.0563	0.0577	0.0565	0.0562	0.0565	0.0592	0	0.0565	0.056	0.0562	0.0818	0.057
  M	0.0608	0.0572	0.0578	0.0575	0.0589	0.0575	0.0577	0.0578	0.0573	0.0578	0.0839	0.0572	0	0.0587	0.0573	0.0615	0.0583
  N	0.0594	0.0564	0.057	0.0567	0.058	0.0566	0.0569	0.0569	0.0565	0.057	0.0878	0.0564	0.0584	0	0.0565	0.0603	0.0574
  O	0.0595	0.0578	0.0584	0.0581	0.0682	0.0581	0.0589	0.0584	0.0799	0.0584	0.0613	0.058	0.0584	0.0579	0	0.0614	0.0589
  P	0.0838	0.0634	0.0643	0.0657	0.0773	0.0934	0.0673	0.0641	0.0638	0.066	0.0717	0.0879	0.0652	0.0643	0.0638	0	0.0648
  Q	0.0613	0.0888	0.0702	0.0595	0.061	0.0595	0.0598	0.083	0.0593	0.0607	0.0658	0.0592	0.0599	0.0593	0.0593	0.0627	0

